1461
1838
659
775
3290
3744
3964
4060
695
1818
998
3157
2707
4007
498
1038
3707
2762
3630
3167
832
2764
1431
1083
416
1905
2334
3492
114
1393
1492
3024
137
1476
2303
2693
1088
982
1473
1918
1899
395
1456
2691
3005
1896
3081
2046
655
3329
1493
2374
2306
3136
1491
3705
3488
1172
1175
3711
3102
3085
1087
1003
353
2312
818
3164
3460
1093
1853
2804
1477
1911
3706
2692
417
2318
2311
2688
1878
989
3080
1723
825
4137
3379
3331
1475
3772
1173
2307
3327
518
1183
2651
3483
1912
4103
3079
3082
2734
1917
3642
1156
2637
499
658
635
4104
3339
2990
350
228
813
2323
3003
49
362
984
2896
1163
502
822
981
2317
2735
187
1459
3709
3698
838
212
727
823
718
3485
3780
660
2999
3491
642
3877
2776
461
1533
388
3753
3474
1180
