988
3631
109
1888
495
1507
4119
2318
3438
3160
4058
3513
4023
2334
984
2604
2857
2405
3163
982
3190
2966
2289
2335
3895
1911
1876
3159
819
3774
4035
967
2443
2317
1492
1886
1459
2306
1178
1861
1896
3627
3420
3307
1905
2707
655
618
2984
3775
2613
1211
2820
1476
1086
1067
201
3173
848
620
423
3997
3491
3386
1070
1089
3073
1878
1584
3107
1491
1002
1156
348
3626
2323
502
2606
1175
3287
1477
3505
492
2693
3748
3489
748
3782
1473
641
2311
3780
835
2307
1853
1838
735
1566
2813
2601
2988
745
2815
1079
1202
957
1357
123
1912
2806
2234
215
3317
229
3086
3487
355
322
1173
106
3983
2622
832
2599
3639
714
987
1574
3494
366
627
2394
2816
3603
3422
3330
510
2300
3803
350
3315
3777
2611
3053
3982
2571
2814
1179
508
817
728
3781
2955
851
2830
1851
3188
2970
1194
232
3338
2618
2997
3202
230
959
489
1899
3301
2812
3165
3336
849
3776
1471
643
331
2983
628
624
625
3935
2975
1552
730
1209
3506
1059
3789
520
858
1389
2986
962
634
1831
3632
2620
431
3189
171
2621
3403
2968
1371
501
956
2727
3100
1216
845
323
738
3630
615
493
112
3197
3628
3625
1213
3624
3522
231
3322
2953
2212
2429
412
3063
2796
3385
3693
1210
3510
949
820
3172
3302
1573
384
855
71
131
347
516
1081
529
2236
209
