1777
395
2198
2317
3368
2869
3012
663
1911
3868
1431
2307
3705
494
1137
4104
2776
1723
3707
686
3662
4007
3440
1088
3709
187
361
1081
1183
2833
2676
2499
1459
3513
1082
2649
1896
137
1461
1820
3711
1087
1899
3706
4060
804
463
1089
3081
1853
3079
1083
3080
4137
1838
2400
655
3086
1477
1878
1080
1456
1493
3441
1475
3753
2883
650
1818
2085
238
2318
406
3164
3403
102
3177
2310
3658
3298
1491
3710
1492
188
2691
3099
2306
466
1040
3379
1473
2303
2334
1086
3920
775
2311
3136
3296
2721
1476
1325
996
2787
2692
831
734
417
3070
669
4103
3001
1781
805
1905
1090
2693
1175
465
2312
3475
780
3102
2612
1156
