39.168918 92.40499999999997 393.0 260.0 7_24@800
49.387729 170.92398500000002 570.0 343.0 10_5@1100
15.273052 79.98550899999998 254.0 74.0 5_7@600
20.200957 282.085252 316.0 213.0 7_17@1700
44.366143 265.028402 420.0 394.0 7_19@1500
36.103076 174.218054 703.0 220.0 11_14@1100
22.055391 260.762921 489.0 205.0 9_8@1600
1.303994 250.99970100000002 117.0 62.0 2_9@1700
63.525937 116.20530300000001 479.0 424.0 7_18@1000
77.016197 202.746846 666.0 416.0 6_27@1200
24.181705 90.01820800000002 399.0 134.0 8_16@700
64.460438 235.65783599999997 543.0 459.0 5_15@1300
61.048335 191.66380400000003 404.0 493.0 4_7@1200
9.870928 269.765762 383.0 123.0 9_8@1700
35.303037 183.67827999999997 418.0 294.0 1_24@1200
14.043144 227.28456899999998 278.0 160.0 12_27@1500
31.435778 111.67135100000002 488.0 186.0 9_16@800
8.243535 119.75888099999997 207.0 25.0 11_15@700
21.175638 142.861336 282.0 150.0 12_17@900
32.718129 244.73792200000003 363.0 323.0 3_23@1500
6.563203 259.451376 184.0 110.0 3_8@1700
48.693629 145.733088 677.0 281.0 9_24@1000
33.59483 250.14626500000003 582.0 269.0 9_9@1500
44.03589 118.87559900000002 330.0 331.0 4_7@900
56.199878 258.532124 610.0 390.0 6_10@1400
27.889973 152.69462299999998 369.0 208.0 1_12@1000
28.519406 110.53762899999998 317.0 187.0 3_24@800
43.961838 150.887493 523.0 305.0 10_9@1000
6.407199 290.862561 272.0 96.0 5_23@1800
53.684621 218.77694100000002 723.0 328.0 9_9@1300
12.340096 130.920997 166.0 69.0 12_23@800
71.874309 155.289607 544.0 457.0 5_14@1100
41.357938 259.019174 538.0 335.0 8_10@1500
49.062065 139.29731500000003 436.0 360.0 3_25@1000
25.080223 264.299351 264.0 274.0 4_15@1600
58.599796 128.35778900000003 619.0 345.0 8_17@1000
53.409226 253.19167099999999 508.0 424.0 5_15@1400
75.646437 144.695181 654.0 406.0 6_16@1100
42.206949 124.75412999999998 587.0 252.0 9_16@900
23.020684 220.72740199999998 642.0 177.0 11_21@1400
21.027492 96.198668 207.0 127.0 4_8@700
46.676709 237.51219500000002 359.0 438.0 4_7@1400
56.222467 188.46315299999998 478.0 435.0 3_25@1200
20.284733 284.831599 422.0 194.0 6_16@1700
25.014546 214.985338 353.0 242.0 1_15@1400
48.139066 110.99467099999998 556.0 293.0 8_16@900
14.136367 232.280782 529.0 135.0 11_21@1500
18.259127 130.144185 377.0 106.0 11_15@800
39.728095 233.36701599999998 679.0 277.0 9_23@1400
29.205607 268.662782 465.0 265.0 8_10@1600
18.016817 73.975401 351.0 91.0 6_12@600
37.525903 201.721425 484.0 311.0 2_10@1300
30.937819 171.991557 417.0 246.0 12_14@1100
32.739128 106.42265300000003 277.0 230.0 4_7@800
42.049684 89.21522599999997 500.0 257.0 6_16@800
58.621309 131.70751 355.0 452.0 4_22@1000
29.341022 273.627042 405.0 278.0 5_16@1600
5.152323 265.522888 364.0 88.0 9_24@1700
38.36994 257.300868 311.0 385.0 4_23@1500
28.868592 85.57150000000001 346.0 180.0 5_18@700
42.696585 213.852803 580.0 325.0 10_8@1300
12.747094 114.67620099999999 208.0 62.0 10_24@700
9.077388 87.11319300000002 110.0 24.0 4_9@600
56.376108 253.564749 465.0 455.0 7_19@1400
57.487757 165.42341199999998 728.0 317.0 9_13@1100
67.650139 235.57791200000003 497.0 487.0 7_17@1300
52.046533 101.00849599999998 440.0 354.0 7_17@900
35.68209 134.942542 447.0 245.0 10_12@900
59.769355 225.507478 376.0 512.0 4_22@1300
41.855909 173.69851999999997 604.0 286.0 10_26@1100
10.495586 85.05736100000001 269.0 35.0 8_27@600
51.141435 162.23323599999998 487.0 379.0 3_15@1100
41.548725 264.770595 460.0 362.0 5_16@1500
32.834567 157.34666099999998 628.0 203.0 11_15@1000
67.06305 241.136149 653.0 410.0 6_3@1300
29.941678 81.45312999999999 432.0 175.0 6_13@700
72.949513 145.040595 505.0 470.0 7_18@1100
72.363071 202.72472499999998 555.0 470.0 5_15@1200
54.204011 98.81784800000003 562.0 328.0 6_17@900
8.587137 292.532727 346.0 107.0 6_14@1800
4.054473 237.375702 162.0 82.0 12_24@1600
21.810989 218.765331 362.0 216.0 12_2@1400
13.922913 275.409063 210.0 173.0 4_22@1700
21.229945 255.59616699999998 292.0 234.0 3_23@1600
25.113945 143.15725700000002 518.0 154.0 11_22@900
45.207143 206.342984 492.0 370.0 3_5@1300
29.668144 226.59670699999998 551.0 247.0 10_23@1400
19.352723 118.75943899999999 280.0 115.0 2_22@800
28.392011 201.41298 415.0 251.0 12_31@1300
75.168981 197.19126899999998 511.0 491.0 7_17@1200
38.714394 224.700248 439.0 347.0 3_7@1400
65.651888 156.46705400000002 663.0 373.0 8_19@1100
65.954498 113.46316100000001 616.0 378.0 6_17@1000
37.325397 192.421583 722.0 235.0 11_7@1200
23.322374 125.41150499999998 343.0 150.0 10_24@800
65.636514 159.66110099999997 379.0 506.0 4_22@1100
1.799289 282.137977 270.0 65.0 8_24@1800
59.147265 193.41558500000002 745.0 330.0 9_9@1200
32.225013 274.03496 370.0 310.0 7_18@1600
13.150652 242.41511500000001 247.0 161.0 2_12@1600
18.340763 249.99875400000002 286.0 207.0 3_8@1600
32.494645 200.482826 398.0 289.0 1_23@1300
19.395288 238.269904 469.0 186.0 10_25@1500
17.239815 281.658266 342.0 183.0 5_16@1700
37.634421 145.39585 439.0 272.0 2_22@1000
16.607455 276.63571 384.0 176.0 8_12@1700
8.94759 248.855055 359.0 117.0 10_23@1600
6.525638 66.08692199999999 252.0 8.0 6_13@500
29.852867 206.944865 716.0 199.0 11_21@1300
63.908213 123.20063199999998 510.0 420.0 5_15@1000
34.342979 126.93160499999999 399.0 236.0 3_9@900
32.148028 277.240397 490.0 277.0 6_14@1600
18.411216 227.82543099999998 268.0 201.0 1_22@1500
66.777748 193.182101 678.0 386.0 8_19@1200
1.569393 283.256277 128.0 65.0 4_20@1800
3.766555 241.844809 381.0 72.0 11_22@1600
53.618163 193.74480799999998 764.0 301.0 9_23@1200
36.666428 101.84176400000001 274.0 266.0 4_22@800
8.454075 289.939079 251.0 116.0 7_17@1800
60.192308 223.33381200000002 659.0 383.0 8_21@1300
46.412691 162.876038 508.0 339.0 3_3@1100
50.095898 242.38171599999998 609.0 362.0 8_22@1400
27.292544 83.35315200000002 336.0 167.0 7_21@700
8.440556 238.20182499999999 165.0 122.0 1_21@1600
26.318129 133.170955 378.0 176.0 2_11@900
12.806414 79.87285500000002 305.0 53.0 8_10@600
15.705675 109.84411 234.0 85.0 10_9@700
52.635489 106.50498399999998 463.0 356.0 5_14@900
40.564443 89.87223699999998 394.0 271.0 7_10@800
23.091326 241.42964 461.0 218.0 10_12@1500
34.891078 220.56588599999998 413.0 321.0 2_22@1400
29.136689 246.30523 591.0 236.0 9_23@1500
55.798406 218.543188 391.0 482.0 4_7@1300
8.410843 108.56533300000001 153.0 21.0 2_23@700
31.919464 185.169989 434.0 263.0 1_6@1200
36.34981 99.34046599999999 483.0 219.0 8_16@800
38.246731 164.745357 500.0 281.0 2_8@1100
26.14135 234.47511400000002 340.0 266.0 2_23@1500
44.930821 141.59369500000003 452.0 325.0 3_14@1000
19.402887 102.03548999999998 371.0 103.0 9_18@700
39.453367 122.97201799999999 386.0 280.0 3_24@900
28.686366 141.444729 513.0 181.0 11_7@900
39.171603 154.59748000000002 540.0 268.0 10_24@1000
33.651972 190.90231 742.0 206.0 11_22@1200
49.737625 244.24618700000002 349.0 464.0 4_22@1400
41.094412 193.25759399999998 628.0 288.0 10_26@1200
13.305491 252.98494599999998 364.0 153.0 10_7@1600
29.362058 238.92186299999997 370.0 291.0 3_8@1500
48.466629 193.837807 592.0 346.0 10_6@1200
43.067881 230.913164 422.0 389.0 3_23@1400
23.825947 114.72263299999997 316.0 148.0 3_9@800
66.126535 196.02241299999997 386.0 526.0 4_22@1200
48.249836 209.067074 477.0 398.0 3_14@1300
34.016333 166.59662500000002 408.0 269.0 1_23@1100
12.544451 83.41577999999998 136.0 55.0 4_23@600
44.895414 237.27827200000002 663.0 313.0 9_8@1400
45.050996 184.02202599999998 484.0 355.0 2_24@1200
17.535158 256.696938 487.0 171.0 9_23@1600
53.058239 139.36015200000003 667.0 304.0 9_9@1000
37.906669 254.516756 541.0 311.0 8_25@1500
35.852097 251.332356 315.0 363.0 4_8@1500
48.307037 114.00964800000003 319.0 369.0 4_22@900
60.238528 161.048407 397.0 469.0 4_7@1100
37.410714 211.567908 606.0 281.0 10_23@1300
3.872571 254.68701700000003 137.0 87.0 2_22@1700
7.751649 91.80825499999997 238.0 14.0 9_15@600
52.374066 186.489553 496.0 403.0 3_15@1200
53.778269 136.15722499999998 371.0 414.0 4_7@1000
51.852215 213.053063 461.0 430.0 3_25@1300
25.90537 223.67990700000001 631.0 200.0 11_6@1400
15.917864 122.26557600000001 271.0 89.0 2_8@800
55.547121 161.715198 468.0 414.0 3_26@1100
30.890583 217.397243 431.0 280.0 2_8@1400
38.64832 174.19271099999997 691.0 239.0 11_5@1100
33.212018 209.37314300000003 699.0 226.0 11_6@1300
1.648664 262.308245 247.0 66.0 10_6@1700
26.755209 120.61368900000002 351.0 175.0 10_9@800
41.739788 203.87215099999997 463.0 352.0 2_23@1300
48.388998 216.22454499999998 742.0 296.0 9_23@1300
45.711654 172.54688800000002 586.0 316.0 10_15@1100
5.208477 285.581932 296.0 89.0 8_9@1800
25.628246 264.336548 461.0 239.0 8_26@1600
34.497768 229.863343 531.0 289.0 10_8@1400
48.521272 184.98456599999997 514.0 370.0 3_5@1200
39.22456 183.31195400000001 513.0 302.0 2_7@1200
44.275089 269.014119 553.0 346.0 6_13@1500
5.757853 245.167535 394.0 88.0 11_7@1600
9.366959 265.26976 207.0 134.0 3_24@1700
29.737591 150.61942299999998 364.0 224.0 1_24@1000
41.592505 143.32475 465.0 296.0 3_5@1000
33.55216 173.7658 716.0 201.0 11_25@1100
45.024138 193.698805 608.0 319.0 10_15@1200
11.640337 270.363887 194.0 155.0 4_7@1700
16.80701 73.764422 272.0 87.0 7_6@600
32.4179 138.482349 452.0 220.0 10_24@900
4.341833 288.087052 254.0 81.0 5_8@1800
42.951103 163.504013 478.0 323.0 2_22@1100
41.086805 94.274497 408.0 274.0 5_18@800
16.376334 235.26120500000002 529.0 153.0 11_7@1500
24.757687 91.96221200000002 217.0 160.0 4_23@700
