309.870471
321.139335
334.43674
349.616168
365.736067
381.324848
395.221683
407.065245
417.094045
309.730212
320.992593
334.287663
349.475746
365.618839
381.240148
395.16916
407.038781
417.086981
309.585607
320.842394
334.136461
349.335067
365.503525
381.159299
395.12182
407.018273
417.086335
309.43675
320.688832
333.983224
349.194222
365.390218
381.082392
395.079744
407.003782
417.092146
309.283739
320.532001
333.828042
349.0533
365.279009
381.009518
395.043009
406.995366
417.104451
309.126668
320.371994
333.671004
348.912388
365.169989
380.940766
395.011692
406.99308
417.123284
308.965633
320.208901
333.512198
348.771573
365.063249
380.876223
394.985868
406.996979
417.148675
308.800733
320.042815
333.351711
348.630942
364.958875
380.815977
394.965609
407.007113
417.180651
308.632062
319.873827
333.189627
348.490578
364.856957
380.760112
394.950986
407.023529
417.219236
308.459718
319.702024
333.02603
348.350563
364.757581
380.708715
394.942069
407.046274
417.26445
308.283796
319.527497
332.861002
348.210979
364.66083
380.661866
394.938924
407.075389
417.316311
308.104391
319.350332
332.694623
348.071905
364.566791
380.619649
394.941617
407.110914
417.374831
307.9216
319.170615
332.526973
347.933418
364.475544
380.582144
394.950209
407.152887
417.440021
307.735517
318.988431
332.358127
347.795595
364.38717
380.549428
394.964764
407.201341
417.511889
307.546236
318.803864
332.188162
347.65851
364.301751
380.521581
394.985338
407.256308
417.590439
307.353849
318.616996
332.01715
347.522234
364.219363
380.498677
395.011989
407.317815
417.675669
307.158449
318.427906
331.845162
347.386839
364.140084
380.480792
395.044772
407.385889
417.767578
306.960127
318.236673
331.672267
347.252392
364.063988
380.467997
395.083737
407.460551
417.866159
306.758974
318.043373
331.498532
347.118959
363.99115
380.460365
395.128936
407.541822
417.971404
306.555077
317.848082
331.32402
346.986606
363.92164
380.457964
395.180415
407.629717
418.083297
306.348524
317.650873
331.148795
346.855393
363.855531
380.460864
395.238221
407.72425
418.201825
306.1394
317.451815
330.972916
346.72538
363.79289
380.469129
395.302395
407.825431
418.326967
305.927792
317.250978
330.796441
346.596625
363.733785
380.482826
395.372978
407.933268
418.458701
305.71378
317.048429
330.619423
346.469184
363.67828
380.502016
395.450008
408.047766
418.597
305.497446
316.844231
330.441915
346.343109
363.626441
380.526762
395.533521
408.168925
418.741836
305.278869
316.638446
330.263968
346.21845
363.578329
380.557123
395.623549
408.296743
418.893177
305.058127
316.431135
330.085626
346.095257
363.534004
380.593156
395.720125
408.431217
419.050987
304.835294
316.222354
329.906936
345.973574
363.493526
380.634918
395.823274
408.572338
419.215227
304.610445
316.012158
329.727938
345.853445
363.45695
380.682463
395.933023
408.720094
419.385856
304.383649
315.800599
329.548672
345.734911
363.424333
380.735844
396.049396
408.874473
419.56283
304.154977
315.587727
329.369172
345.618011
363.395727
380.795112
396.172411
409.035456
419.746101
303.924495
315.373588
329.189471
345.502779
363.371185
380.860315
396.302087
409.203024
419.935617
303.692268
315.158227
329.0096
345.38925
363.350757
380.9315
396.438439
409.377153
420.131326
303.458358
314.941686
328.829587
345.277453
363.334491
381.008714
396.581479
409.557816
420.33317
429.579292
303.222825
314.724004
328.649453
345.167418
363.322434
381.092
396.731217
409.744985
420.54109
429.802242
302.985726
314.505216
328.469222
345.059169
363.31463
381.181399
396.887659
409.938626
420.755024
430.030822
302.747117
314.285356
328.288911
344.952729
363.311123
381.276951
397.050811
410.138703
420.974906
430.264947
302.50705
314.064455
328.108535
344.848119
363.311954
381.378695
397.220672
410.345177
421.200668
430.504529
302.265576
313.842541
327.928106
344.745357
363.317164
381.486666
397.397243
410.558008
421.432241
430.749478
302.022743
313.619638
327.747632
344.644456
363.32679
381.600899
397.580517
410.777148
421.669549
430.999701
301.778595
313.39577
327.567121
344.545429
363.340869
381.721425
397.770489
411.002551
421.912517
431.255104
301.533175
313.170955
327.386573
344.448286
363.359435
381.848277
397.967149
411.234164
422.161066
431.515591
301.286525
312.945211
327.20599
344.353033
363.382522
381.981481
398.170482
411.471934
422.415115
431.781063
301.038681
312.718552
327.025367
344.259675
363.410162
382.121064
398.380474
411.715804
422.674579
432.051419
300.789679
312.490988
326.844698
344.168212
363.442383
382.267052
398.597106
411.965711
422.939372
432.326558
300.539553
312.262528
326.663973
344.078645
363.479215
382.419466
398.820354
412.221594
423.209406
432.606376
300.288332
312.033178
326.483178
343.990967
363.520684
382.578327
399.050195
412.483384
423.484588
432.890767
300.036045
311.802941
326.302299
343.905172
363.566815
382.743654
399.286601
412.751013
423.764825
433.179623
289.904393
299.782718
311.571817
326.121316
343.821252
363.617631
382.915463
399.529539
413.024408
424.050022
433.472836
289.638236
299.528373
311.339805
325.940206
343.739192
363.673154
383.093767
399.778976
413.303493
424.340078
433.770294
289.371212
299.273033
311.106899
325.758945
343.658978
363.733404
383.278579
400.034874
413.588189
424.634895
434.071886
289.103361
299.016716
310.873091
325.577503
343.580592
363.798401
383.469909
400.297192
413.878415
424.934369
434.377499
288.834722
298.759439
310.638373
325.39585
343.504013
363.86816
383.667765
400.565886
414.174086
425.238395
434.687017
288.565333
298.501217
310.402732
325.21395
343.429217
363.942697
383.872151
400.840909
414.475114
425.546867
435.000323
288.295229
298.242061
310.166152
325.031766
343.356177
364.022026
384.083071
401.12221
414.781409
425.859675
435.317302
288.024443
297.981983
309.928618
324.849257
343.284865
364.106159
384.300525
401.409734
415.092876
426.176708
435.637833
287.753004
297.720991
309.690108
324.666379
343.215247
364.195107
384.524512
401.703425
415.409421
426.497853
435.961798
287.480943
297.459092
309.450603
324.483085
343.147289
364.288879
384.755026
402.003221
415.730944
426.822997
436.289074
287.208285
297.196291
309.210078
324.299327
343.080952
364.387482
384.992061
402.309058
416.057342
427.152021
436.619541
286.866662
296.866525
308.907948
324.068894
343.000248
364.517538
385.29751
402.699745
416.472036
427.568579
437.036923
286.592751
296.601703
308.665031
323.883891
342.937405
364.627029
385.549178
403.01892
416.809017
427.905901
437.374116
286.318319
296.335984
308.421003
323.698242
342.876038
364.741364
385.807326
403.343901
417.150524
428.246713
437.714097
286.043384
296.069365
308.175833
323.511883
342.816097
364.860544
386.071935
403.67461
417.496441
428.590892
438.056738
285.767966
295.801843
307.929486
323.32475
342.757529
364.984566
386.342984
404.010962
417.846654
428.938313
438.401914
285.492079
295.533415
307.681927
323.136775
342.700275
365.113427
386.620447
404.352872
418.201043
429.288849
438.749498
285.215741
295.264075
307.433119
322.947889
342.644278
365.247124
386.904298
404.700248
418.559488
429.642373
439.099361
284.938964
294.993817
307.183025
322.758017
342.589472
365.385648
387.194505
405.052996
418.921863
429.998754
439.451376
284.661763
294.722633
306.931605
322.567085
342.535792
365.528992
387.491035
405.411018
419.288043
430.357862
439.805412
284.384148
294.450516
306.678819
322.375014
342.483169
365.677146
387.793849
405.774212
419.657898
430.719566
440.161341
284.10613
294.177456
306.424624
322.181723
342.431529
365.830096
388.102906
406.142472
420.031299
431.083733
440.519032
283.827721
293.903445
306.168978
321.987131
342.380797
365.98783
388.418163
406.51569
420.408111
431.450229
440.878355
283.54893
293.628473
305.911838
321.79115
342.330893
366.150329
388.739569
406.893751
420.788198
431.818919
441.23918
283.269765
293.35253
305.65316
321.593695
342.281735
366.317577
389.067074
407.276539
421.171424
432.189666
441.601375
282.990236
293.075606
305.3929
321.394674
342.233236
366.489553
389.400622
407.663934
421.557647
432.562334
441.96481
282.710351
292.797691
305.131013
321.193996
342.185309
366.666234
389.740151
408.055809
421.946727
432.936786
442.329352
282.430117
292.518776
304.867455
320.991567
342.137858
366.847594
390.085599
408.452038
422.338518
433.312882
442.69487
282.149543
292.238851
304.60218
320.787293
342.090789
367.033608
390.436896
408.852488
422.732875
433.690484
443.061232
281.868637
291.957907
304.335143
320.581074
342.044
367.224245
390.79397
409.257023
423.129651
434.069452
443.428307
281.587406
291.675935
304.066301
320.372813
341.99739
367.419472
391.156743
409.665503
423.528696
434.449646
443.795963
281.305861
291.392927
303.79561
320.162409
341.950849
367.619256
391.525133
410.077785
423.929858
434.830924
444.164068
281.024008
291.108877
303.523027
319.949761
341.904269
367.823557
391.899054
410.493722
424.332985
435.213145
444.53249
280.741859
290.82378
303.24851
319.734765
341.857534
368.032337
392.278415
410.913164
424.737922
435.596167
444.901098
280.459422
290.537629
302.972018
319.517318
341.810525
368.245551
392.663118
411.335955
425.144514
435.979849
445.26976
280.176709
290.250423
302.693512
319.297315
341.763122
368.463153
393.053063
411.761938
425.552603
436.364048
445.638346
279.893731
289.962159
302.412953
319.074652
341.715198
368.685094
393.448142
412.190952
425.96203
436.748621
446.006724
279.610501
289.672837
302.130306
318.849222
341.666623
368.911321
393.848244
412.622831
426.372636
437.133425
446.374763
279.327033
289.38246
301.845537
318.620921
341.617265
369.141777
394.253251
413.057407
426.784261
437.518317
446.742334
279.043343
289.09103
301.558614
318.389643
341.566985
369.376403
394.66304
413.494509
427.19674
437.903155
447.109306
278.759446
288.798554
301.269507
318.155283
341.515642
369.615134
395.077483
413.933962
427.609913
438.287796
447.47555
278.475362
288.505041
300.978191
317.917736
341.463091
369.857904
395.496446
414.375587
428.023614
438.672096
447.840935
278.191108
288.2105
300.684642
317.6769
341.409184
370.104641
395.919787
414.819204
428.437679
439.055913
448.205335
277.906708
287.914946
300.38884
317.432672
341.353766
370.355269
396.347361
415.264627
428.851943
439.439104
448.568621
268.745425
277.622184
287.618395
300.090769
317.184953
341.296682
370.609708
396.779017
415.71167
429.26624
439.821526
448.930664
268.471927
277.337562
287.320866
299.790415
316.933643
341.23777
370.867873
397.214595
416.160142
429.680401
440.203038
449.291338
268.198979
277.052868
287.022382
299.487771
316.678646
341.176867
371.129674
397.653931
416.609852
430.094262
440.583498
449.650517
267.926606
276.768134
286.722967
299.182832
316.41987
341.113803
371.395018
398.096854
417.060602
430.507653
440.962764
450.008075
267.654832
276.483389
286.422653
298.875599
316.157225
341.048407
371.663804
398.543188
417.512195
430.920407
441.340695
450.363887
267.383685
276.198668
286.12147
298.566077
315.890624
340.980504
371.935927
398.99275
417.964431
431.332356
441.717152
450.717829
267.113193
275.914009
285.819456
298.254278
315.619985
340.909913
372.211276
399.445349
418.417107
431.743332
442.091992
451.069776
266.843388
275.62945
285.516651
297.940217
315.34523
340.836454
372.489736
399.900789
418.870017
432.153166
442.465078
451.419607
266.574302
275.345032
285.213099
297.623916
315.066287
340.75994
372.771183
400.358868
419.322955
432.56169
442.83627
451.767199
460.365169
266.305968
275.060802
284.90885
297.305403
314.783089
340.680184
373.055488
400.819376
419.775712
432.968735
443.205431
452.112432
460.69864
266.038423
274.776805
284.603954
296.984713
314.495575
340.596992
373.342517
401.282099
420.228076
433.374134
443.572422
452.455185
461.029304
265.771705
274.493092
284.29847
296.661887
314.20369
340.510172
373.632126
401.746813
420.679836
433.777718
443.937107
452.79534
461.35705
265.505854
274.209716
283.992459
296.336973
313.907389
340.419527
373.924167
402.213291
421.130777
434.179321
444.299351
453.132777
461.681769
265.240912
273.926733
283.685987
296.010025
313.606633
340.324859
374.218483
402.681297
421.580683
434.578775
444.659017
453.467381
462.003356
264.976924
273.644203
283.379125
295.681105
313.301391
340.225968
374.51491
403.15059
422.029339
434.975914
445.015972
453.799034
462.321704
264.713936
273.362187
283.071948
295.350284
312.991642
340.122653
374.813276
403.620922
422.476525
435.370571
445.370082
454.127622
462.636709
264.451996
273.08075
282.764536
295.017638
312.677375
340.01471
375.113402
404.09204
422.922023
435.762581
445.721216
454.453031
462.948267
264.191157
272.799961
282.456974
294.683253
312.358588
339.901939
375.4151
404.563684
423.365613
436.151779
446.069242
454.775149
463.256277
263.93147
272.519892
282.149351
294.347223
312.035293
339.784137
375.718172
405.035587
423.807075
436.538002
446.41403
455.093863
463.560638
263.672992
272.240616
281.841764
294.009648
311.70751
339.661101
376.022413
405.507478
424.246187
436.921085
446.75545
455.409063
463.861252
263.41578
271.962212
281.53431
293.67064
311.375274
339.532633
376.32761
405.979078
424.682728
437.300868
447.093375
455.720641
464.158021
263.159895
271.684761
281.227095
293.330317
311.038632
339.398533
376.633538
406.450104
425.116476
437.677189
447.427678
456.028488
464.45085
262.905398
271.408346
280.920227
292.988805
310.697646
339.258607
376.939964
406.920268
425.54721
438.049887
447.758233
456.332498
464.739644
262.652355
271.133054
280.61382
292.646241
310.352389
339.112662
377.246646
407.389275
425.974706
438.418804
448.084916
456.632567
465.024311
262.400832
270.858976
280.307995
292.30277
310.002952
338.960513
377.553332
407.856825
426.398744
438.783782
448.407603
456.92859
465.304759
262.150899
270.586204
280.002873
291.958543
309.649441
338.801977
377.859757
408.322615
426.819102
439.144663
448.726175
457.220465
465.5809
261.902627
270.314835
279.698583
291.613723
309.291976
338.63688
378.165651
408.786334
427.235559
439.501293
449.040509
457.508092
465.852646
261.656089
270.044968
279.395258
291.268481
308.930696
338.465055
378.470729
409.24767
427.647894
439.853517
449.350487
457.791371
466.119912
261.411361
269.776704
279.093034
290.922994
308.565753
338.286344
378.774698
409.706304
428.055887
440.201184
449.655992
458.070206
466.382613
261.168522
269.510147
278.792054
290.577451
308.197321
338.100599
379.077255
410.161915
428.459319
440.544141
449.956908
458.344499
466.640667
260.92765
269.245405
278.492462
290.232045
307.825587
337.907683
379.378084
410.614176
428.857973
440.882239
450.25312
458.614157
466.893994
260.688829
268.982588
278.194408
289.886982
307.45076
337.707475
379.676861
411.06276
429.251631
441.215332
450.544517
458.879088
467.142515
260.45214
268.721807
277.898046
289.542471
307.073064
337.499864
379.97325
411.507334
429.640077
441.543271
450.830987
459.139199
467.386155
260.217672
268.463177
277.603532
289.198731
306.692741
337.284758
380.266904
411.947562
430.023099
441.865913
451.11242
459.394402
467.624839
259.985509
268.206813
277.311026
288.855988
306.310054
337.062083
380.557467
412.383108
430.400482
442.183116
451.38871
459.644611
467.858495
259.755743
267.952836
277.020692
288.514475
305.925282
336.831782
380.844574
412.813631
430.772016
442.494738
451.65975
459.889738
468.087052
259.528462
267.701364
276.732695
288.174429
305.538721
336.593822
381.127846
413.23879
431.137492
442.80064
451.925437
460.129702
468.310443
259.303761
267.452521
276.447206
287.836097
305.150688
336.34819
381.406898
413.658242
431.496702
443.100687
452.185669
460.36442
468.5286
259.081731
267.20643
276.164396
287.499728
304.761513
336.094899
381.681335
414.071643
431.849442
443.394742
452.440345
460.593814
468.741461
258.862469
266.963216
275.884437
287.165579
304.371547
335.833988
381.950753
414.478648
432.195508
443.682674
452.689368
460.817804
468.948964
258.64607
266.723006
275.607506
286.833909
303.981155
335.565525
382.214738
414.878912
432.5347
443.964352
452.932642
461.036317
469.151049
258.432631
266.485927
275.33378
286.504984
303.590718
335.289607
382.472871
415.27209
432.866819
444.239648
453.170073
461.249278
469.34766
258.222251
266.252108
275.063436
286.17907
303.200632
335.006363
382.724725
415.657836
433.191671
444.508437
453.40157
461.456618
469.538741
258.015028
266.021677
274.796655
285.856439
302.811308
334.715953
382.969867
416.035809
433.509062
444.770595
453.627042
461.658266
469.72424
257.811063
265.794764
274.533615
285.537365
302.423169
334.418574
383.207857
416.405664
433.818803
445.026001
453.846404
461.854157
469.904108
257.610454
265.5715
274.274497
285.222122
302.036651
334.114459
383.438253
416.767062
434.120708
445.274539
454.059571
462.044227
470.078297
257.413304
265.352014
274.019482
284.910987
301.652199
333.803876
383.66061
417.119665
434.414593
445.516091
454.266459
462.228413
470.246761
257.219713
265.136436
273.76875
284.604237
301.27027
333.487134
383.874479
417.463136
434.700278
445.750545
454.466991
462.406657
470.409458
257.029782
264.924896
273.522478
284.302148
300.891327
333.164578
384.079412
417.797144
434.977586
445.977793
454.661087
462.578902
470.566348
256.843613
264.717524
273.280847
284.004996
300.515843
332.836595
384.274962
418.121361
435.246345
446.197727
454.848675
462.745093
470.717394
256.661306
264.514448
273.044033
283.713056
300.144293
332.503611
384.460682
418.435462
435.506387
446.410243
455.029682
462.905179
470.862561
256.482963
264.315796
272.81221
283.426601
299.777159
332.166091
384.636134
418.739127
435.757546
446.615241
455.204038
463.05911
471.001816
256.308684
264.121694
272.585554
283.145901
299.414923
331.824542
384.800881
419.032043
435.999661
446.812623
455.371679
463.206841
471.135129
256.138569
263.932268
272.364235
282.871223
299.05807
331.479508
384.954497
419.313902
436.232578
447.002296
455.53254
463.348328
471.262475
255.972717
263.747643
272.148422
282.60283
298.707083
331.131572
385.096566
419.584402
436.456143
447.18417
455.686561
463.48353
471.383829
255.811228
263.56794
271.938282
282.340981
298.362443
330.781353
385.226683
419.843248
436.670212
447.358156
455.833685
463.612409
471.499169
255.654198
263.39328
271.733976
282.085929
298.024627
330.429506
385.344459
420.090153
436.874641
447.524173
455.973858
463.73493
471.608477
255.501724
263.223782
271.535664
281.837924
297.694108
330.076718
385.449521
420.324839
437.069294
447.682141
456.107029
463.851062
471.711737
255.353902
263.059563
271.343503
281.597206
297.37135
329.723708
385.541517
420.547037
437.254041
447.831983
456.233151
463.960774
471.808935
255.210826
262.900735
271.157644
281.364013
297.056811
329.371221
385.620114
420.756486
437.428755
447.97363
456.352178
464.064041
471.900061
255.072588
262.747412
270.978235
281.138573
296.750937
329.020028
385.685008
420.952936
437.593318
448.107013
456.464071
464.16084
471.985109
254.93928
262.599702
270.80542
280.921108
296.454164
328.670919
385.73592
421.136149
437.747615
448.23207
456.568791
464.25115
472.064073
254.81099
262.457711
270.639339
280.711832
296.166916
328.324704
385.772601
421.305898
437.89154
448.348741
456.666306
464.334956
472.136952
254.687806
262.321543
270.480124
280.51095
295.889602
327.982205
385.794836
421.461967
438.024992
448.456974
456.756584
464.412244
472.203746
254.569814
262.191298
270.327907
280.31866
295.622617
327.644253
385.802444
421.604157
438.147877
448.556717
456.8396
464.483003
472.26446
254.457096
262.067072
270.18281
280.135151
295.366341
327.311683
385.795284
421.732279
438.260108
448.647927
456.915331
464.547226
472.319102
246.521566
254.349736
261.94896
270.044954
279.960602
295.121136
326.985332
385.773256
421.846159
438.361606
448.730564
456.983759
464.604909
472.367679
246.424608
254.24781
261.837051
269.914451
279.795183
294.887348
326.666031
385.736299
421.945642
438.452299
448.804593
457.044867
464.656052
472.410206
246.332595
254.151397
261.731432
269.791411
279.639057
294.665303
326.354604
385.684403
422.030584
438.532124
448.869985
457.098647
464.700658
472.446698
246.245598
254.06057
261.632187
269.675935
279.492374
294.455308
326.051858
385.6176
422.100863
438.601023
448.926715
457.14509
464.738733
472.477173
246.163684
253.975401
261.539394
269.568122
279.355276
294.257653
325.758585
385.535975
422.156371
438.65895
448.974764
457.184195
464.770286
472.501653
246.086922
253.895959
261.45313
269.468062
279.227896
294.072607
325.475554
385.439662
422.197021
438.705865
449.014119
457.215962
464.795332
472.520162
246.015377
253.822311
261.373465
269.37584
279.110355
293.900416
325.203507
385.328845
422.222743
438.741739
449.044771
457.240397
464.813885
472.532727
245.949111
253.75452
261.300468
269.291537
279.002767
293.74131
324.943157
385.203764
422.233488
438.766551
449.06672
457.257511
464.825967
472.539377
245.888187
253.692647
261.234202
269.215226
278.905234
293.595497
324.695181
385.06471
422.229229
438.780288
449.079968
457.267318
464.831599
472.540146
245.832663
253.636749
261.174727
269.146974
278.817848
293.463161
324.460222
384.912026
422.209959
438.78295
449.084526
457.269836
464.83081
472.535068
245.782597
253.586882
261.122099
269.086845
278.740692
293.344472
324.238881
384.746109
422.175693
438.774543
449.080409
457.265088
464.823629
472.524182
245.738044
253.543098
261.076369
269.034893
278.673841
293.239572
324.031716
384.567407
422.126469
438.755086
449.06764
457.253102
464.810089
472.507529
253.505445
261.037585
268.99117
278.617357
293.14859
323.839241
384.37642
422.062347
438.724608
449.046246
457.233909
464.790229
472.485152
253.473969
261.00579
268.955719
278.571295
293.071629
323.661924
384.173693
421.983414
438.683147
449.016261
457.207546
464.764087
472.457098
253.448712
260.981023
268.928579
278.535699
293.008776
323.500184
383.95982
421.889778
438.630753
448.977727
457.174054
464.731708
472.423414
253.429715
260.963319
268.909783
278.510605
292.960096
323.354393
383.735437
421.781572
438.567485
448.930691
457.133477
464.693138
472.384153
253.417013
260.952709
268.899358
278.49604
292.925638
323.224871
383.50122
421.658955
438.493416
448.875207
457.085866
464.648429
472.339367
253.41064
260.949221
268.897325
278.49202
292.905429
323.111891
383.257881
421.52211
438.408628
448.811334
457.031273
464.597633
472.289114
253.410624
260.952876
268.9037
278.498556
292.899481
323.015674
383.006166
421.371246
438.313214
448.739139
456.969759
464.540807
472.23345
253.416994
260.963693
268.918493
278.515647
292.907786
322.936393
382.746846
421.206596
438.20728
448.658696
456.901384
464.478011
472.172438
253.429772
260.981688
268.94171
278.543286
292.930321
322.874171
382.480717
421.028417
438.090941
448.570084
456.826218
464.409308
472.10614
253.448978
261.006869
268.973351
278.581456
292.967045
322.829086
382.208594
420.836995
437.964326
448.473389
456.74433
464.334765
472.03462
253.474629
261.039245
269.013409
278.630134
293.017902
322.801168
381.931302
420.632635
437.827573
448.368704
456.655797
464.254449
471.957947
253.506739
261.078817
269.061874
278.689287
293.082819
322.790403
381.649678
420.41567
437.680833
448.256128
456.560698
464.168433
471.876189
253.545318
261.125585
269.11873
278.758878
293.161711
322.796733
381.364557
420.186453
437.524267
448.135766
456.459118
464.076791
471.789417
253.590373
261.179543
269.183958
278.83886
293.254476
322.82006
381.076776
419.945362
437.358046
448.00773
456.351144
463.979601
471.697704
253.641909
261.240683
269.257531
278.929179
293.361
322.860245
380.787161
419.692795
437.182355
447.872137
456.236867
463.876943
471.601124
253.699926
261.308992
269.33942
279.029777
293.481155
322.917112
380.496527
419.429171
436.997388
447.729112
456.116385
463.768899
471.499753
253.764422
261.384453
269.42959
279.140586
293.614802
322.990453
380.205673
419.154929
436.803348
447.578783
455.989795
463.655554
471.393669
253.835391
261.467047
269.528002
279.261533
293.761789
323.080022
379.915374
418.870526
436.600449
447.421286
455.857201
463.536996
471.282951
253.912825
261.556751
269.634613
279.39254
293.921952
323.185547
379.62638
418.576434
436.388917
447.256763
455.718709
463.413313
471.16768
253.996712
261.653536
269.749376
279.533521
294.095118
323.306724
379.339413
418.273142
436.168984
447.085358
455.574429
463.284597
471.047936
254.087037
261.757375
269.872237
279.684387
294.281102
323.443225
379.05516
417.961153
435.940894
446.907224
455.424473
463.150942
470.923803
254.183783
261.868231
270.003143
279.845041
294.479709
323.594698
378.774276
417.64098
435.704896
446.722516
455.268958
463.012443
470.795364
254.28693
261.986069
270.142034
280.015382
294.690738
323.760768
378.497375
417.313148
435.461249
446.531397
455.108002
462.869196
470.662703
254.396452
262.110849
270.288845
280.195303
294.913974
323.941042
378.225031
416.978189
435.210221
446.33403
454.941726
462.721301
470.525906
254.512325
262.242527
270.443511
280.384693
295.149199
324.135109
377.957779
416.636641
434.952085
446.130587
454.770254
462.568857
470.385058
254.634519
262.381056
270.60596
280.583437
295.396183
324.342542
377.69611
416.289049
434.68712
445.92124
454.593712
462.411966
470.240247
254.763
262.526388
270.776119
280.791413
295.654691
324.562904
377.440472
415.935957
434.415611
445.706166
454.412229
462.25073
470.091558
254.897736
262.67847
270.95391
281.008496
295.924481
324.795741
377.191269
415.577912
434.137849
445.485546
454.225934
462.085252
469.939079
255.038688
262.837246
271.139253
281.234557
296.205303
325.040595
376.948863
415.215458
433.854129
445.259563
454.03496
461.915637
469.782898
255.185815
263.00266
271.332064
281.469463
296.496902
325.296997
376.713571
414.849136
433.564749
445.028402
453.839439
461.74199
469.623101
255.339075
263.17465
271.532256
281.713077
296.799016
325.564472
376.485671
414.479483
433.27001
444.792253
453.639506
461.564415
469.459777
255.498423
263.353152
271.73974
281.965257
297.11138
325.842543
376.265396
414.107027
432.970216
444.551305
453.435298
461.38302
469.293011
255.66381
263.538102
271.954423
282.225859
297.433722
326.130728
376.052942
413.732288
432.665671
444.30575
453.22695
461.19791
469.122892
255.835186
263.72943
272.176209
282.494734
297.765766
326.428543
375.848467
413.355775
432.356682
444.055781
453.0146
461.009192
468.949506
256.012497
263.927065
272.405
282.771732
298.107232
326.735505
375.652089
412.977986
432.043553
443.801591
452.798386
460.816972
468.772938
256.195689
264.130935
272.640696
283.056696
298.457836
327.051131
375.463895
412.599403
431.726589
443.543374
452.578446
460.621355
468.593275
256.384705
264.340962
272.883193
283.34947
298.817291
327.374942
375.283936
412.220496
431.406095
443.281325
452.354917
460.422448
468.410601
256.579483
264.55707
273.132386
283.649893
299.185304
327.70646
375.112234
411.841716
431.08237
443.015639
452.127937
460.220357
468.224999
256.779962
264.779179
273.388166
283.9578
299.561583
328.045212
374.94878
411.463499
430.755712
442.746508
451.897644
460.015184
468.036553
256.986077
265.007205
273.650423
284.273025
299.945832
328.390731
374.793541
411.08626
430.426417
442.474124
451.664174
459.807036
467.845345
257.197762
265.241064
273.919045
284.5954
300.337751
328.742554
374.646456
410.710398
430.094775
442.19868
451.427664
459.596013
467.651456
257.414948
265.480671
274.193915
284.924751
300.73704
329.100226
374.507442
410.33629
429.76107
441.920365
451.188247
459.382219
467.454966
257.637565
265.725936
274.474918
285.260905
301.143396
329.463299
374.376396
409.964294
429.425583
441.639365
450.946058
459.165755
467.255952
257.865539
265.976768
274.761934
285.603685
301.556517
329.831333
374.253195
409.594744
429.088586
441.355868
450.701228
458.946719
467.054492
258.098796
266.233076
275.054843
285.952913
301.976097
330.203898
374.1377
409.227958
428.750348
441.070054
450.453888
458.72521
466.850662
258.33726
266.494766
275.353521
286.308406
302.401832
330.580569
374.029755
408.864228
428.411127
440.782104
450.204168
458.501324
466.644535
258.580852
266.761741
275.657843
286.669983
302.833414
330.960935
373.929192
408.503827
428.071176
440.492195
449.952193
458.275157
466.436184
258.829491
267.033904
275.967682
287.037458
303.270539
331.344591
373.835831
408.147006
427.73074
440.200499
449.698088
458.046803
466.22568
259.083095
267.311155
276.282911
287.410644
303.7129
331.731145
373.74948
407.793995
427.390053
439.907186
449.441976
457.816351
466.013092
259.341582
267.593394
276.603398
287.789353
304.160192
332.120213
373.66994
407.445002
427.049344
439.61242
449.183976
457.583893
465.798488
259.604864
267.880517
276.929013
288.173393
304.612109
332.511423
373.597004
407.100218
426.708831
439.316364
448.924207
457.349515
465.581932
259.872855
268.17242
277.259621
288.562574
305.068347
332.904413
373.530457
406.759809
426.368721
439.019174
448.662782
457.113303
465.363488
260.145466
268.468999
277.595088
288.956701
305.528604
333.298831
373.470082
406.423924
426.029215
438.721003
448.399814
456.875341
465.143219
260.422607
268.770144
277.935276
289.35558
305.992578
333.694337
373.415655
406.092693
425.690502
438.421996
448.135411
456.63571
464.921184
260.704185
269.075749
278.280048
289.759014
306.45997
334.090603
373.366951
405.766226
425.352762
438.122299
447.869679
456.394488
464.69744
260.990108
269.385702
278.629265
290.166807
306.930481
334.487309
373.323741
405.444618
425.016166
437.822047
447.602722
456.151753
464.472043
261.280279
269.699893
278.982785
290.578759
307.403817
334.884148
373.285798
405.127944
424.680873
437.521373
447.334638
455.907578
464.245048
261.574603
270.018208
279.340466
290.994671
307.879683
335.280823
373.252891
404.816264
424.347034
437.220404
447.065525
455.662035
464.016505
261.872983
270.340534
279.702165
291.414344
308.357789
335.677047
373.224791
404.509621
424.014789
436.919263
446.795475
455.415195
463.786465
262.175318
270.666755
280.067737
291.837575
308.837849
336.072546
373.20127
404.208047
423.68427
436.618065
446.524578
455.167123
463.554974
262.481508
270.996755
280.437036
292.264164
309.319576
336.467054
373.182101
403.911554
423.355596
436.316923
446.25292
454.917884
463.322078
262.791452
271.330416
280.809916
292.693907
309.802691
336.860316
373.167058
403.620146
423.028879
436.015941
445.980585
454.66754
463.087822
263.105047
271.667619
281.186227
293.126602
310.286914
337.252088
373.155919
403.333812
422.704222
435.715219
445.707651
454.416151
462.852245
263.422188
272.008244
281.565821
293.562047
310.771974
337.642135
373.148464
403.052529
422.381716
435.414853
445.434195
454.163773
462.615387
263.74277
272.35217
281.948548
294.000036
311.257599
338.030233
373.144475
402.776266
422.061447
435.114932
445.16029
453.910462
462.377286
264.066687
272.699275
282.334257
294.440368
311.743523
338.416165
373.143739
402.504977
421.743487
434.81554
444.886003
453.656269
462.137977
264.39383
273.049436
282.722795
294.882839
312.229485
338.799727
373.146045
402.238611
421.427904
434.516756
444.611402
453.401244
461.897493
264.724092
273.402529
283.11401
295.327244
312.715228
339.180721
373.151189
401.977105
421.114756
434.218653
444.336548
453.145434
461.655865
265.057361
273.758429
283.507748
295.773382
313.200499
339.55896
373.158966
401.720392
420.804091
433.9213
444.0615
452.888883
461.413123
265.393528
274.117009
283.903854
296.221049
313.68505
339.934264
373.169179
401.468393
420.495953
433.624759
443.786315
452.631635
461.169294
265.732481
274.478143
284.302175
296.670043
314.168637
340.306462
373.181634
401.221026
420.190375
433.32909
443.511043
452.373728
460.924405
266.074106
274.841704
284.702554
297.120162
314.651024
340.675392
373.196142
400.978201
419.887385
433.034344
443.235735
452.115202
460.678478
266.41829
275.207562
285.104834
297.571206
315.131976
341.040899
373.212516
400.739823
419.587004
432.740572
442.960436
451.856092
266.764919
275.575589
285.50886
298.022973
315.611266
341.402835
373.230578
400.505794
419.289245
432.447817
442.685189
451.59643
267.113876
275.945654
285.914474
298.475265
316.088671
341.761062
373.250149
400.276008
418.994115
432.156119
442.410035
451.33625
267.465045
276.317627
286.321519
298.927884
316.563973
342.115446
373.271059
400.050359
418.701617
431.865512
442.135009
451.075578
267.81831
276.691376
286.729836
299.380633
317.036961
342.465861
373.293141
399.828735
418.411745
431.576029
441.860147
450.814444
268.173552
277.066769
287.139268
299.833315
317.507428
342.81219
373.316232
399.611022
418.124492
431.287695
441.58548
450.552873
268.530652
277.443674
287.549657
300.285737
317.975174
343.154319
373.340173
399.397105
417.839842
431.000534
441.311036
450.290888
268.889491
277.821957
287.960844
300.737706
318.440002
343.492141
373.364811
399.186866
417.557777
430.714566
441.036841
450.028511
269.24995
278.201484
288.372671
301.18903
318.901723
343.825557
373.389997
398.980185
417.278272
430.429805
440.762921
449.765762
269.611906
278.582122
288.784979
301.639521
319.360152
344.154472
373.415585
398.776941
417.001301
430.146265
440.489295
449.502661
269.975238
278.963735
289.197611
302.088991
319.81511
344.478796
373.441436
398.577013
416.726832
429.863955
440.215983
449.239224
270.339825
279.346189
289.610407
302.537254
320.266425
344.798446
373.467412
398.380278
416.454831
429.582881
439.943002
448.975467
270.705544
279.729348
290.023211
302.984128
320.713928
345.113343
373.493382
398.186615
416.185259
429.303046
439.670368
448.711406
271.072271
280.113076
290.435864
303.42943
321.157458
345.423412
373.519217
397.995901
415.918075
429.024451
439.398093
448.447052
271.439883
280.497238
290.848209
303.872981
321.596858
345.728585
373.544794
397.808013
415.653236
428.747093
439.12619
448.18242
271.808255
280.881697
291.26009
304.314606
322.031976
346.028797
373.569992
397.622832
415.390696
428.470969
438.854667
447.917519
272.177263
281.266316
291.671351
304.75413
322.462667
346.323987
373.594696
397.440235
415.130407
428.196073
438.583533
447.652361
272.546782
281.650959
292.081835
305.191381
322.888791
346.614099
373.618793
397.260103
414.872318
427.922394
438.312796
447.386955
272.916687
282.03549
292.491388
305.62619
323.310212
346.899081
373.642174
397.082318
414.616378
427.649924
438.042461
447.121311
273.28685
282.419771
292.899856
306.058392
323.726802
347.178883
373.664735
396.906763
414.362534
427.378651
437.772532
446.855437
273.657147
282.803665
293.307085
306.487823
324.138435
347.45346
373.686375
396.733321
414.110731
427.10856
437.503013
446.58934
283.187037
293.712923
306.914321
324.544991
347.722772
373.706996
396.561878
413.860915
426.839637
437.233906
446.32303
283.569749
294.117219
307.33773
324.946358
347.986779
373.726504
396.392323
413.613029
426.571866
436.965215
446.056512
283.951665
294.519822
307.757896
325.342425
348.245447
373.744808
396.224545
413.367016
426.30523
436.696938
445.789796
284.332649
294.920582
308.174665
325.733088
348.498743
373.761822
396.058435
413.12282
426.03971
436.429079
445.522888
284.712565
295.319352
308.58789
326.118247
348.746639
373.77746
395.893886
412.880382
425.77529
436.161636
445.255795
285.091276
295.715985
308.997426
326.497808
348.989107
373.791642
395.730796
412.639647
425.511948
435.894609
444.988526
285.468648
296.110336
309.40313
326.87168
349.226124
373.804291
395.569061
412.400556
425.249666
435.628
444.721089
285.844546
296.502259
309.804864
327.239777
349.457669
373.815332
395.408583
412.163053
424.988424
435.361807
444.453493
286.218835
296.891614
310.202493
327.602019
349.683723
373.824693
395.249264
411.927082
424.728202
435.096031
444.185745
286.591382
297.278258
310.595883
327.958328
349.904271
373.832307
395.091009
411.692586
424.468979
434.830672
443.917858
286.962052
297.662053
310.984906
328.308632
350.119297
373.838106
394.933727
411.45951
424.210737
434.56573
443.64984
287.330714
298.042861
311.369437
328.652862
350.32879
373.84203
394.777328
411.227801
423.953456
434.301207
443.381704
287.697235
298.420545
311.749354
328.990955
350.532741
373.844017
394.621725
410.997404
423.697116
434.037103
443.113462
288.061483
298.794972
312.124538
329.322848
350.731141
373.844012
394.466834
410.768269
423.441699
433.773422
442.845128
288.42333
299.166009
312.494874
329.648487
350.923985
373.841959
394.312573
410.540344
423.187187
433.510166
442.576717
288.782643
299.533527
312.860251
329.967818
351.11127
373.837807
394.158865
410.31358
422.933564
433.247339
442.308245
289.139297
299.897397
313.22056
330.280793
351.292992
373.831508
394.005632
410.087928
422.680812
432.984946
442.03973
289.493161
300.257492
313.575696
330.587365
351.469153
373.823015
393.852803
409.863343
422.428917
432.722993
441.771191
289.84411
300.613689
313.925558
330.887493
351.639753
373.812284
393.700306
409.639779
422.177864
432.461488
441.502649
290.192018
300.965866
314.270049
331.181139
351.804797
373.799276
393.548074
409.417193
421.927641
432.200438
441.234125
290.536761
301.313902
314.609074
331.468267
351.964288
373.783951
393.396044
409.195545
421.678236
431.939854
440.965646
290.878216
301.657681
314.942542
331.748846
352.118234
373.766273
393.244153
408.974794
421.42964
431.679747
291.216259
301.997088
315.270367
332.022847
352.266643
373.74621
393.092342
408.754904
421.181842
431.42013
291.550772
302.332009
315.592463
332.290245
352.409524
373.72373
392.940557
408.53584
420.934837
431.161018
291.881634
302.662335
315.90875
332.551016
352.546888
373.698805
392.788744
408.317568
420.688619
430.902427
292.208728
302.987957
316.219153
332.805141
352.67875
373.67141
392.636854
408.100057
420.443184
430.644375
292.531937
303.30877
316.523595
333.052605
352.805122
373.64152
392.48484
407.883279
420.198531
430.386883
292.851147
303.624672
316.822009
333.293392
352.92602
373.609115
392.332658
407.667208
419.95466
430.129972
293.166244
303.935561
317.114325
333.527492
353.041462
373.574176
392.180268
407.45182
419.711573
429.873666
293.477118
304.241341
317.400482
333.754896
353.151466
373.536686
392.02763
407.237094
419.469274
429.617992
293.783657
304.541917
317.680418
333.975599
353.256052
373.496633
391.874712
407.02301
419.22777
429.362978
294.085754
304.837195
317.954076
334.189598
353.355243
373.454005
391.721481
406.809552
418.987069
429.108655
294.383304
305.127087
318.221404
334.396891
353.449059
373.408792
391.567908
406.596707
418.747182
428.855055
294.676201
305.411505
318.482349
334.59748
353.537527
373.360989
391.413968
406.384463
418.508122
428.602214
294.964343
305.690366
318.736866
334.79137
353.620672
373.31059
391.259638
406.172812
418.269904
428.350169
295.24763
305.963588
318.984909
334.978568
353.69852
373.257594
391.104899
405.961748
418.032547
428.09896
295.525963
306.231093
319.226439
335.159081
353.771101
373.202001
390.949733
405.751268
417.79607
427.84863
295.799247
306.492804
319.461417
335.332923
353.838444
373.143814
390.794127
405.541372
417.560496
427.599222
296.067387
306.74865
319.689808
335.500105
353.900581
373.083039
390.638071
405.332062
417.32585
427.350785
296.330291
306.99856
319.911582
335.660643
353.957544
373.019682
390.481557
405.123344
417.09216
427.103368
296.587869
307.242467
320.126708
335.814556
354.009369
372.953754
390.324581
404.915225
416.859456
426.857023
296.840034
307.480306
320.335163
335.961863
354.056091
372.885267
390.167141
404.707716
416.62777
426.611804
297.086702
307.712018
320.536924
336.102587
354.097746
372.814235
390.009239
404.500831
416.397139
426.36777
297.327788
307.937543
320.73197
336.236751
354.134374
372.740676
389.850879
404.294587
416.167599
426.12498
297.563214
308.156827
320.920286
336.364382
354.166016
372.664608
389.692069
404.089003
415.939192
425.883495
297.7929
308.369816
321.101858
336.485509
354.192711
372.586054
389.532819
403.884102
415.711959
425.643381
298.016773
308.576463
321.276675
336.600161
354.214505
372.505037
389.373143
403.679907
415.485948
425.404705
298.234759
308.776719
321.444729
336.708371
354.231441
372.421583
389.213057
403.476448
415.261205
425.167535
298.446788
308.970543
321.606016
336.810173
354.243565
372.335721
389.05258
403.273755
415.037781
424.931944
298.652793
309.157893
321.760533
336.905604
354.250926
372.247482
388.891735
403.071861
414.81573
424.698006
298.852708
309.338733
321.90828
336.994701
354.253572
372.1569
388.730548
402.870803
414.595107
424.465797
299.046473
309.513028
322.049263
337.077506
354.251555
372.064009
388.569045
402.670619
414.375971
424.235397
299.234028
309.680748
322.183486
337.154059
354.244927
371.968848
388.407258
402.471352
414.15838
424.006884
299.415316
309.841863
322.310959
337.224405
354.233741
371.871457
388.245221
402.273047
413.9424
423.780344
299.590284
309.99635
322.431693
337.28859
354.218054
371.771878
388.08297
402.075749
413.728094
423.555859
299.758881
310.144185
322.545702
337.346661
354.197921
371.670156
387.920545
401.87951
413.51553
423.333519
299.92106
310.28535
322.653005
337.398668
354.173403
371.566337
387.757987
401.684381
413.304778
423.11341
300.076775
310.419829
322.75362
337.444663
354.144558
371.460472
387.595341
401.490417
413.095909
422.895623
300.225986
310.54761
322.84757
337.484698
354.111449
371.35261
387.432655
401.297676
412.888999
422.680252
300.368653
310.668682
322.93488
337.518829
354.074139
371.242807
387.269978
401.106218
412.684121
422.467389
300.504741
310.783038
323.015578
337.547112
354.032693
371.131117
387.107363
400.916105
412.481356
422.257129
300.634217
310.890676
323.089692
337.569606
353.987178
371.017598
386.944865
400.727402
412.280782
422.04957
300.757052
310.991594
323.157257
337.586371
353.93766
370.90231
386.782542
400.540175
412.082481
421.844809
300.873219
311.085796
323.218307
337.597469
353.884211
370.785315
386.620453
400.354494
411.886537
421.642946
300.982697
311.173285
323.27288
337.602965
353.8269
370.666677
386.458661
400.17043
411.693034
421.444081
311.254072
323.321016
337.602923
353.7658
370.546463
386.29723
399.988057
411.50206
421.248314
311.328167
323.362757
337.597412
353.700986
370.424739
386.136228
399.807449
411.313701
421.055747
311.395585
323.398148
337.586498
353.632532
370.301576
385.975722
399.628684
411.128048
420.866484
311.456344
323.427237
337.570254
353.560516
370.177046
385.815785
399.451841
410.945192
420.680626
311.510464
323.450074
337.548751
353.485016
370.051222
385.65649
399.277001
410.765223
420.498279
311.557969
323.466709
337.522063
353.406111
369.92418
385.497911
399.104246
410.588234
420.319544
311.598885
323.477197
337.490264
353.323883
369.795996
385.340126
398.933661
410.41432
420.144527
311.633242
323.481595
337.453432
353.238413
369.666749
385.183214
398.765331
410.243575
419.973332
311.661071
323.47996
337.411644
353.149787
369.53652
385.027255
398.599343
410.076095
419.806061
311.682409
323.472355
337.364981
353.058088
369.405391
384.872331
398.435785
409.911974
419.642819
311.697293
323.458841
337.313522
352.963402
369.273445
384.718527
398.274746
409.75131
419.48371
311.705764
323.439484
337.25735
352.865816
369.140766
384.565928
398.116318
409.594198
419.328834
311.707866
323.41435
337.196549
352.76542
369.007441
384.414621
397.960592
409.440737
419.178296
311.703644
323.383508
337.131204
352.662302
368.873558
384.264694
397.80766
409.291023
419.032195
311.693149
323.347029
337.0614
352.556553
368.739205
384.116236
397.657615
409.145153
418.890632
311.676432
323.304986
336.987224
352.448263
368.604471
383.969339
397.510552
409.003224
418.753707
311.653547
323.257452
336.908765
352.337525
368.469449
383.824094
397.366565
408.865333
418.621517
311.624551
323.204505
336.826112
352.224432
368.334229
383.680593
397.225748
408.731576
418.49416
311.589505
323.146221
336.739355
352.109078
368.198905
383.53893
397.088198
408.602049
418.37173
311.548469
323.082681
336.648584
351.991557
368.063571
383.399199
396.954011
408.476848
418.254321
311.501508
323.013965
336.553893
351.871963
367.92832
383.261497
396.823281
408.356068
418.142026
311.448689
322.940155
336.455373
351.750393
367.793248
383.125918
396.696105
408.239802
418.034934
311.390081
322.861336
336.353118
351.626942
367.658451
382.992558
396.572579
408.128143
417.933135
311.325755
322.777592
336.247221
351.501707
367.524025
382.861515
396.452798
408.021183
417.836714
311.255785
322.689011
336.137778
351.374784
367.390066
382.732885
396.336859
407.919014
417.745756
311.180246
322.595678
336.024882
351.246271
367.256672
382.606766
396.224856
407.821725
417.660343
311.099215
322.497683
335.90863
351.116264
367.123941
382.483255
396.116885
407.729404
417.580555
311.012771
322.395116
335.789116
350.98486
366.991969
382.362449
396.013039
407.642138
417.506469
310.920997
322.288067
335.666437
350.852157
366.860854
382.244447
395.913412
407.560013
417.438161
310.823974
322.176627
335.540688
350.718251
366.730693
382.129346
395.818098
407.483112
417.375702
310.721787
322.060888
335.411965
350.58324
366.601586
382.017242
395.727188
407.411518
417.319163
310.614523
321.940942
335.280364
350.44722
366.473628
381.908234
395.640773
407.345311
417.268609
310.502268
321.816884
335.145981
350.310286
366.346917
381.802417
395.558945
407.284569
417.224107
310.385113
321.688806
335.00891
350.172536
366.22155
381.699887
395.481791
407.229369
417.185716
310.263146
321.556801
334.869248
350.034063
366.097623
381.600742
395.409401
407.179786
417.153496
310.136458
321.420965
334.727088
349.894964
365.975233
381.505074
395.341861
407.135891
417.127502
310.005144
321.281392
334.582525
349.755331
365.854475
381.41298
395.279257
407.097756
417.107787