64
143
203
242
259
251
220
165
90
64
143
203
243
259
252
221
166
91
64
143
203
243
260
254
222
167
92
64
143
204
244
261
255
224
169
93
64
143
204
244
262
256
225
170
95
64
143
204
245
263
257
226
171
96
64
143
205
246
264
259
228
173
98
64
143
205
247
266
260
229
174
99
64
144
206
248
267
261
231
176
101
64
144
207
249
268
263
233
178
102
65
145
208
250
270
265
234
179
104
65
145
208
251
271
266
236
181
105
65
146
209
253
273
268
238
183
107
66
147
210
254
274
270
240
185
109
66
147
211
255
276
272
242
187
110
67
148
213
257
278
274
244
188
112
67
149
214
258
280
276
246
190
114
68
150
215
260
281
278
248
192
116
69
151
216
262
283
280
250
194
118
70
152
218
263
285
282
252
197
120
70
153
219
265
288
285
255
199
122
71
154
220
267
290
287
257
201
123
72
155
222
269
292
289
259
203
125
73
156
224
271
294
292
262
205
127
74
157
225
273
297
294
264
208
129
75
159
227
275
299
297
267
210
132
76
160
229
277
301
299
269
212
134
77
162
231
279
304
302
272
215
136
79
163
233
282
307
305
275
217
138
80
165
235
284
309
307
277
219
140
81
166
237
287
312
310
280
222
142
79
157
220
263
286
286
261
211
138
80
159
222
266
288
288
264
213
140
81
161
224
268
291
291
267
216
142
51
83
162
226
271
293
294
269
218
144
53
84
164
229
273
296
297
272
220
146
54
86
166
231
276
299
300
275
223
148
56
87
168
233
278
302
302
277
225
150
58
89
170
235
281
305
305
280
228
152
60
90
172
238
284
308
308
283
230
155
62
92
174
240
286
311
311
286
233
157
64
94
176
242
289
314
314
289
235
159
66
96
178
245
292
317
317
292
238
161
68
97
180
248
295
320
320
294
241
163
70
99
182
250
298
323
324
297
243
165
72
101
184
253
301
326
327
300
246
168
74
103
187
255
304
329
330
303
248
170
76
105
189
258
307
332
333
306
251
172
78
10
107
191
261
310
336
336
309
253
174
80
12
109
194
264
313
339
339
312
256
176
81
14
111
196
267
316
342
343
315
259
178
83
16
113
199
269
319
345
346
318
261
181
85
18
115
201
272
323
349
349
321
264
183
87
21
118
204
275
326
352
352
324
266
185
89
23
120
206
278
329
355
356
327
269
187
91
25
122
209
281
332
359
359
330
271
189
93
27
124
212
284
336
362
362
333
274
191
94
29
127
214
287
339
366
365
336
277
193
96
31
129
217
291
342
369
369
339
279
195
98
33
129
214
284
332
357
357
330
274
193
98
35
131
216
287
335
360
361
333
276
195
100
38
133
219
290
339
364
364
336
279
197
102
40
136
222
293
342
367
367
339
281
199
103
42
138
225
296
345
370
370
342
284
201
105
45
141
227
299
349
374
373
344
286
203
107
47
143
230
302
352
377
376
347
288
205
108
49
146
233
305
355
380
379
350
291
207
110
52
148
236
309
359
384
383
353
293
209
112
54
151
239
312
362
387
386
356
295
211
113
56
153
242
315
365
390
389
358
298
213
115
59
156
245
318
369
394
392
361
300
215
116
61
158
248
321
372
397
395
364
302
217
118
64
161
250
325
375
400
398
366
304
218
119
66
163
253
328
379
403
401
369
307
220
121
69
166
256
331
382
407
404
372
309
222
122
71
169
259
334
385
410
407
374
311
224
124
73
171
262
337
389
413
410
377
313
225
125
76
174
265
341
392
416
413
379
315
227
127
78
177
268
344
395
419
416
382
317
229
128
81
179
271
347
398
422
418
384
319
231
130
83
182
274
350
402
426
421
387
321
232
131
86
185
277
353
405
429
424
389
323
234
133
88
187
280
357
408
432
427
391
325
235
134
91
190
283
360
411
435
430
394
327
237
135
93
193
286
363
414
438
432
396
329
239
137
96
195
289
366
417
441
435
398
331
240
138
98
198
292
369
420
444
438
401
333
242
139
101
201
295
372
424
446
440
403
335
243
141
103
203
298
375
427
449
443
405
337
245
142
105
206
301
378
430
452
445
407
338
246
143
110
214
314
396
452
476
468
425
351
254
148
113
217
317
399
455
479
470
428
353
256
149
9
115
220
320
402
458
482
473
430
355
257
150
12
118
222
323
405
461
485
475
432
357
259
152
14
120
225
325
408
464
487
478
434
358
260
153
17
122
228
328
411
467
490
480
436
360
262
154
19
125
230
331
414
469
493
482
438
362
263
155
22
127
233
334
417
472
495
485
440
363
264
157
24
130
235
337
420
475
498
487
442
365
266
158
27
132
238
339
423
478
500
489
444
367
267
159
29
134
240
342
425
480
503
491
446
368
268
160
53
31
136
243
345
428
483
505
493
447
370
270
162
54
34
139
245
347
431
485
507
495
449
371
271
163
56
36
141
248
350
433
488
510
497
451
373
272
164
57
38
143
250
352
436
490
512
499
453
374
274
165
58
41
145
253
355
438
493
514
501
454
376
275
166
60
43
148
255
357
441
495
516
503
456
377
276
167
61
45
150
257
360
443
497
518
505
458
379
277
169
62
47
152
259
362
445
500
520
507
459
380
279
170
63
49
154
262
364
448
502
522
509
461
381
280
171
65
51
156
264
366
450
504
524
511
462
383
281
172
66
53
158
266
369
452
506
526
512
464
384
282
173
67
55
160
268
371
454
508
528
514
465
385
284
174
68
57
162
270
373
456
510
530
516
467
387
285
176
69
59
164
272
375
458
512
532
517
468
388
286
177
71
61
166
274
377
460
514
533
519
469
389
287
178
72
63
167
276
379
462
515
535
520
471
390
288
179
73
65
169
278
381
464
517
537
522
472
391
289
180
74
66
171
279
382
466
519
538
523
473
393
290
181
76
68
173
281
384
467
521
540
524
475
394
292
182
77
66
161
256
341
405
443
456
446
411
349
265
169
73
67
162
257
343
407
444
457
447
412
350
266
170
74
69
164
259
344
408
445
458
448
413
351
267
171
75
70
165
260
345
409
447
460
450
414
352
268
172
76
72
166
261
347
410
448
461
451
415
353
268
173
78
73
168
263
348
412
449
462
452
416
354
269
174
79
74
169
264
349
413
450
463
453
417
355
270
175
80
76
170
265
350
414
451
464
454
418
356
271
176
81
77
171
266
351
415
452
465
454
419
357
272
177
82
78
172
267
352
416
453
466
455
420
358
273
178
83
79
173
268
353
417
454
467
456
421
358
274
179
84
80
174
269
354
418
455
468
457
422
359
275
180
85
81
175
270
355
419
456
468
458
422
360
276
181
86
82
176
271
356
420
457
469
459
423
361
276
181
87
83
177
272
357
420
458
470
459
424
362
277
182
88
84
178
273
358
421
458
471
460
425
362
278
183
89
85
179
274
358
422
459
472
461
425
363
279
184
90
86
180
274
359
422
460
472
462
426
364
280
185
91
87
181
275
360
423
460
473
462
427
365
281
186
92
88
181
276
360
424
461
474
463
428
366
281
187
93
89
182
276
361
424
461
474
464
428
366
282
188
94
89
183
277
361
425
462
475
464
429
367
283
188
95
90
183
277
362
425
462
475
465
430
368
284
189
96
91
184
278
362
425
463
476
465
430
368
285
190
96
91
184
278
362
426
463
476
466
431
369
285
191
97
92
185
279
363
426
464
477
467
431
370
286
192
98
92
185
279
363
426
464
477
467
432
370
287
193
99
93
185
279
363
427
464
478
468
433
371
288
193
100
93
186
279
364
427
465
478
468
433
372
288
194
101
94
186
280
364
427
465
478
468
434
372
289
195
102
94
186
280
364
427
465
479
469
434
373
290
196
103
90
176
259
331
380
406
415
410
387
340
269
185
99
90
176
259
331
380
406
415
410
387
340
270
186
99
91
176
259
331
380
407
416
410
388
341
271
187
100
91
176
259
331
380
407
416
411
388
341
271
187
101
91
176
259
331
380
407
416
411
388
342
272
188
102
91
176
259
331
380
407
416
411
389
342
272
189
102
91
176
259
330
380
407
416
412
389
343
273
189
103
8
91
176
259
330
380
407
416
412
390
343
274
190
104
8
91
176
259
330
380
407
417
412
390
344
274
190
104
8
91
176
259
330
380
407
417
412
390
344
275
191
105
8
91
176
259
330
380
407
417
413
391
345
275
192
105
8
91
176
259
330
379
407
417
413
391
345
276
192
106
8
91
175
258
329
379
407
417
413
391
346
276
193
106
8
91
175
258
329
379
407
417
413
392
346
277
193
107
8
91
175
258
329
379
407
417
413
392
346
277
194
108
8
91
175
257
329
379
406
417
414
392
347
278
194
108
8
91
174
257
328
378
406
417
414
392
347
278
195
108
8
90
174
257
328
378
406
417
414
393
348
279
195
109
7
90
174
256
328
378
406
417
414
393
348
279
196
109
90
174
256
327
378
406
417
414
393
348
280
196
110
90
173
256
327
377
406
417
414
393
349
280
196
110
89
173
255
326
377
405
417
414
394
349
280
197
110
89
172
255
326
377
405
417
414
394
349
281
197
111
88
172
254
326
376
405
417
414
394
350
281
198
111
88
171
254
325
376
405
417
414
394
350
281
198
111
88
171
253
325
376
405
417
414
394
350
282
198
112
87
170
253
324
375
404
416
414
395
350
282
198
112
87
170
252
324
375
404
416
414
395
351
282
199
112
86
169
252
323
374
404
416
414
395
351
282
199
112
86
169
251
323
374
403
416
414
395
351
283
199
112
91
182
277
365
434
478
497
491
458
396
312
215
120
90
182
276
364
433
478
497
491
458
397
312
215
120
89
181
276
363
433
478
497
491
458
397
312
216
120
89
180
275
363
432
477
497
491
458
397
312
216
120
88
180
274
362
432
477
496
491
458
397
312
216
120
87
179
274
361
431
476
496
491
458
397
312
216
120
87
178
273
361
431
476
496
490
458
397
312
216
119
86
178
272
360
430
475
495
490
458
397
312
216
119
85
177
271
359
429
475
495
490
458
397
312
215
119
85
176
271
359
429
474
495
490
457
397
312
215
119
84
175
270
358
428
474
494
489
457
397
312
215
119
83
175
269
357
428
473
494
489
457
396
312
215
118
82
174
268
357
427
473
493
489
457
396
312
215
118
81
173
268
356
426
472
493
488
457
396
311
214
118
81
172
267
355
426
472
492
488
456
396
311
214
117
80
171
266
354
425
471
492
488
456
395
311
214
117
79
171
265
354
424
470
491
487
456
395
311
213
116
78
170
264
353
424
470
491
487
455
395
310
213
116
77
169
264
352
423
469
490
486
455
394
310
212
115
76
168
263
351
422
469
490
486
454
394
309
212
115
75
167
262
351
421
468
489
485
454
393
309
211
114
74
166
261
350
421
467
489
485
453
393
308
211
113
73
165
260
349
420
467
488
484
453
392
308
210
113
73
165
260
348
419
466
487
483
452
392
307
209
112
72
164
259
347
418
465
486
483
451
391
306
209
111
71
163
258
347
418
464
486
482
451
390
305
208
110
70
162
257
346
417
464
485
481
450
390
305
207
109
69
161
256
345
416
463
484
480
449
389
304
206
108
68
160
255
344
415
462
483
480
448
388
303
205
107
67
159
254
343
414
461
483
479
448
387
302
204
106
66
158
254
342
414
460
482
478
447
386
301
203
105
61
147
231
304
358
390
405
406
388
344
275
189
99
60
146
230
304
358
390
404
405
387
343
274
188
98
59
145
229
303
357
389
404
404
386
343
273
187
97
58
144
228
302
356
388
403
403
385
342
272
186
95
57
143
228
302
355
387
402
402
384
341
271
184
94
57
143
227
301
355
386
401
401
383
340
270
183
93
56
142
226
300
354
385
400
401
382
338
268
182
92
55
141
225
299
353
385
399
399
381
337
267
181
90
54
140
225
299
352
384
398
398
380
336
266
180
89
53
139
224
298
351
383
397
397
379
335
265
178
88
52
138
223
297
351
382
396
396
378
334
263
177
86
51
138
222
296
350
381
395
395
377
332
262
176
85
50
137
221
295
349
380
394
394
375
331
261
174
83
49
136
221
295
348
379
393
393
374
330
259
173
82
48
135
220
294
347
378
391
391
373
328
258
171
80
47
134
219
293
346
377
390
390
371
327
256
170
79
46
134
218
292
345
376
389
389
370
325
255
168
77
45
133
217
291
344
375
388
387
368
324
253
166
75
44
132
217
290
343
373
386
386
367
322
251
165
74
43
131
216
290
342
372
385
384
365
320
250
163
72
42
130
215
289
341
371
384
383
364
319
248
161
70
41
129
214
288
340
370
382
381
362
317
246
160
68
40
128
213
287
339
369
381
380
360
315
244
158
67
39
128
213
286
338
367
379
378
359
313
242
156
65
37
127
212
285
337
366
378
376
357
311
240
154
63
36
126
211
284
336
365
376
375
355
309
239
152
61
35
125
210
283
335
363
375
373
353
308
237
150
59
34
124
209
282
334
362
373
371
351
306
235
148
57
33
123
208
281
333
361
371
369
349
304
233
146
55
32
122
207
280
332
359
370
367
347
301
231
144
53
31
122
207
279
330
358
368
366
345
299
228
142
30
118
200
269
314
336
344
343
327
287
220
138
29
118
199
268
313
335
343
341
325
285
218
136
28
117
199
267
312
333
341
340
323
283
216
134
26
116
198
266
310
332
339
338
321
280
214
132
25
115
197
265
309
330
337
336
319
278
212
130
24
114
196
264
308
329
336
334
317
276
210
127
23
113
195
263
307
327
334
332
315
274
208
125
22
112
194
261
305
326
332
330
313
272
205
123
21
111
193
260
304
324
330
328
311
269
203
121
20
111
192
259
303
322
328
325
308
267
201
119
19
110
191
258
301
321
326
323
306
265
199
117
18
109
190
257
300
319
324
321
304
262
196
115
17
108
189
256
298
317
322
319
301
260
194
112
15
107
188
255
297
316
320
317
299
258
192
110
14
106
187
254
295
314
318
314
297
255
189
108
13
105
186
252
294
312
316
312
294
253
187
106
12
104
185
251
292
310
314
310
292
251
185
103
11
103
184
250
291
308
312
308
290
248
183
101
10
102
183
249
289
306
310
305
287
246
180
99
8
101
182
247
288
305
308
303
285
243
178
97
100
181
246
286
303
305
301
282
241
175
94
99
180
245
284
301
303
298
280
238
173
92
98
179
243
283
299
301
296
277
236
171
90
97
178
242
281
297
299
293
275
233
168
88
96
177
240
279
295
296
291
272
231
166
85
95
175
239
278
293
294
289
270
228
164
83
94
174
238
276
291
292
286
267
226
161
81
93
173
236
274
289
290
284
265
224
159
79
91
172
235
272
286
287
281
262
221
157
77
90
171
233
271
284
285
279
260
219
154
74
96
187
266
323
354
361
347
310
249
169
78
95
186
265
321
351
358
343
307
246
166
75
93
185
263
319
348
355
340
304
243
164
73
92
183
261
316
346
352
337
301
240
161
70
91
181
259
314
343
349
334
298
238
158
68
89
180
257
312
340
346
331
295
235
156
66
88
178
255
309
338
343
328
292
232
153
63
87
177
253
307
335
340
325
289
229
151
61
85
175
251
305
332
337
322
286
226
149
59
84
174
249
302
330
334
319
283
224
146
56
82
172
247
300
327
331
316
280
221
144
54
81
170
245
298
324
328
313
277
218
141
79
169
243
295
321
325
310
274
216
139
78
167
241
293
319
322
307
271
213
137
76
165
239
290
316
319
304
268
211
134
75
164
237
288
313
316
301
266
208
132
73
162
235
285
310
313
298
263
205
130
72
160
233
283
308
311
295
260
203
128
70
158
231
280
305
308
292
257
200
125
69
157
229
278
302
305
289
255
198
123
67
155
227
275
299
302
287
252
196
121
66
153
224
273
297
299
284
249
193
119
64
151
222
271
294
296
281
247
191
117
62
150
220
268
291
293
278
244
189
115
61
148
218
266
288
291
275
241
186
113
59
146
216
263
286
288
273
239
184
111
58
144
214
261
283
285
270
236
182
109
56
142
212
258
280
282
267
234
180
107
54
141
210
256
278
280
265
232
178
106
53
139
207
253
275
277
262
229
176
104
51
137
205
251
273
274
260
227
174
102
48
130
193
233
249
248
237
210
163
97
46
129
191
230
246
246
234
208
161
95
45
127
189
228
244
244
232
206
160
94
43
125
187
226
242
241
230
204
158
92
41
123
185
224
239
239
228
202
156
91
40
122
183
222
237
237
226
200
155
89
38
120
181
219
235
235
224
198
153
88
36
118
180
217
233
232
222
196
151
86
35
117
178
215
230
230
220
194
150
85
33
115
176
213
228
228
218
193
148
84
31
113
174
211
226
226
216
191
147
83
30
111
172
209
224
224
214
189
146
81
28
110
170
207
222
222
212
188
144
80
26
108
168
205
220
220
210
186
143
79
25
106
166
203
218
218
208
185
142
78
23
105
165
201
216
216
207
183
140
77
21
103
163
199
214
215
205
182
139
76
20
101
161
197
212
213
203
180
138
75
18
100
159
196
211
211
202
179
137
74
16
98
158
194
209
209
200
178
136
73
15
97
156
192
207
208
199
177
135
72
13
95
154
190
205
206
198
175
134
72
11
93
153
189
204
205
196
174
133
71
10
92
151
187
202
203
195
173
132
70
90
149
185
201
202
194
172
132
70
89
148
184
199
200
192
171
131
69
87
146
182
198
199
191
170
130
68
86
145
181
196
198
190
170
130
68
85
143
179
195
196
189
169
129
68
83
142
178
193
195
188
168
128
67
94
171
228
262
271
256
216
156
77
92
169
227
261
270
255
216
155
76
91
168
225
259
268
254
215
154
76
89
166
223
258
267
252
214
154
76
88
164
222
256
266
251
213
154
76
86
163
220
255
265
251
213
153
75
85
162
219
253
264
250
212
153
75
84
160
218
252
262
249
212
153
75
82
159
216
251
261
248
211
153
75
81
158
215
250
261
248
211
152
75
80
156
214
249
260
247
211
152
75
79
155
213
248
259
246
210
152
76
78
154
212
247
258
246
210
152
76
77
153
210
246
258
246
210
153
76
75
152
210
245
257
245
210
153
76
74
151
209
244
257
245
210
153
77
73
150
208
244
256
245
210
153
77
73
149
207
243
256
245
211
154
78
72
148
206
243
256
245
211
154
78
71
148
206
242
255
245
211
155
79
70
147
205
242
255
245
211
155
79
69
146
205
241
255
245
212
156
80
69
146
204
241
255
246
212
156
81
68
145
204
241
255
246
213
157
82
67
145
203
241
256
247
214
158
82
67
144
203
241
256
247
214
159
83
66
144
203
241
256
248
215
160
84
66
143
203
241
257
248
216
161
85
65
143
203
241
257
249
217
162
86
65
143
203
242
258
250
218
163
87
65
143
203
242
258
251
219
164
89