170
287
370
421
437
416
362
277
163
170
287
370
421
436
416
361
277
163
170
288
370
421
436
415
361
276
163
171
288
370
420
435
415
360
276
163
171
288
370
420
435
414
360
276
163
172
288
370
420
434
413
359
275
163
173
289
370
419
434
413
358
275
163
173
289
370
419
433
412
358
275
163
174
289
370
418
433
411
357
274
163
174
289
370
418
432
411
356
274
163
175
290
370
417
431
410
356
273
163
176
290
369
417
430
409
355
273
163
176
290
369
416
430
408
354
273
164
177
290
369
416
429
407
354
272
164
178
290
369
415
428
406
353
272
164
178
290
368
414
427
405
352
271
164
179
291
368
414
426
404
351
271
164
180
291
367
413
425
403
350
270
165
180
291
367
412
424
402
349
270
165
181
291
367
411
423
401
348
269
165
182
291
366
410
422
400
348
269
165
183
291
366
409
421
399
347
268
165
183
291
365
408
420
398
346
268
166
184
291
364
407
418
396
345
267
166
185
291
364
406
417
395
344
267
166
186
291
363
405
416
394
343
266
166
187
291
363
404
414
393
342
266
167
187
291
362
403
413
391
340
265
167
188
291
361
402
412
390
339
265
167
189
291
360
401
410
389
338
264
167
190
291
360
399
409
387
337
264
168
265
380
461
510
523
498
439
353
243
266
379
460
508
521
496
438
352
243
267
379
459
507
520
495
436
352
244
108
268
379
458
506
518
493
435
351
244
110
269
379
457
504
517
492
434
350
244
111
269
379
456
503
515
490
433
350
245
113
270
379
456
502
513
489
432
349
245
114
271
379
455
500
512
487
431
349
245
116
272
378
454
499
510
486
430
348
246
117
272
378
453
497
509
484
428
348
246
119
273
378
452
496
507
483
427
347
246
120
274
377
451
494
505
481
426
347
247
122
275
377
449
493
504
480
425
346
247
123
275
377
448
491
502
478
423
345
247
125
276
376
447
490
500
476
422
345
248
126
277
376
446
488
498
475
421
344
248
128
277
376
445
486
496
473
420
344
248
129
143
278
375
444
485
495
471
418
343
249
131
145
279
375
442
483
493
470
417
342
249
133
147
279
374
441
482
491
468
416
342
249
134
149
280
374
440
480
489
466
415
341
250
136
151
280
373
439
478
487
465
413
341
250
137
153
281
372
437
476
486
463
412
340
250
139
155
281
372
436
475
484
461
411
339
251
140
157
282
371
435
473
482
460
410
339
251
142
159
282
371
433
471
480
458
408
338
251
143
160
282
370
432
469
478
456
407
338
252
145
162
283
369
431
468
476
454
406
337
252
146
190
314
405
471
511
522
499
447
373
284
173
192
314
404
470
510
520
497
445
373
284
175
193
315
404
468
508
518
495
444
372
284
176
195
315
403
467
506
516
494
443
372
285
178
197
315
402
465
504
514
492
442
371
285
180
199
316
401
464
503
512
490
441
371
285
181
200
316
401
463
501
510
489
439
370
286
183
202
316
400
461
499
508
487
438
370
286
184
204
316
399
460
497
507
485
437
369
287
186
205
317
398
458
495
505
484
436
369
287
187
207
317
397
457
494
503
482
435
368
287
189
208
317
397
455
492
501
480
434
368
288
190
210
317
396
454
490
499
479
432
367
288
192
211
317
395
452
488
497
477
431
367
289
193
213
317
394
451
487
496
476
430
366
289
194
214
317
393
449
485
494
474
429
366
289
196
216
317
392
448
483
492
473
428
365
290
197
217
317
391
447
481
490
471
427
365
290
199
218
317
390
445
480
489
470
426
365
291
200
220
317
390
444
478
487
468
425
364
291
202
221
317
389
442
476
485
467
424
364
291
203
222
317
388
441
474
483
465
423
363
292
204
223
317
387
439
473
482
464
422
363
292
206
225
317
386
438
471
480
462
421
363
293
207
226
317
385
436
469
478
461
420
362
293
209
227
317
384
435
468
477
459
419
362
293
210
228
317
383
434
466
475
458
418
362
294
211
229
317
382
432
465
473
457
417
361
294
213
230
316
381
431
463
472
455
416
361
295
214
231
316
380
430
461
470
454
415
361
295
215
232
316
380
428
460
469
453
414
360
296
217
202
279
335
378
406
413
398
364
317
259
186
202
279
335
377
404
412
397
364
316
259
188
96
203
278
334
376
403
410
396
363
316
259
189
98
204
278
333
374
401
409
395
362
316
260
190
101
205
278
332
373
400
407
393
361
315
260
191
103
206
278
331
372
398
406
392
360
315
260
192
105
207
277
330
371
397
404
391
359
315
261
194
107
207
277
329
369
395
403
390
359
315
261
195
110
208
277
328
368
394
402
389
358
314
262
196
112
209
277
328
367
393
400
388
357
314
262
197
114
210
276
327
366
391
399
387
356
314
262
198
110
116
210
276
326
365
390
398
385
356
314
263
199
112
118
211
276
325
364
389
396
384
355
313
263
200
114
120
212
276
325
362
388
395
383
354
313
263
201
116
122
212
276
324
361
386
394
382
354
313
264
203
118
124
213
275
323
360
385
393
381
353
313
264
204
120
126
214
275
322
359
384
392
380
352
313
264
205
122
127
214
275
322
358
383
391
379
352
312
265
206
124
129
215
275
321
357
382
389
378
351
312
265
207
126
131
215
275
320
356
381
388
378
350
312
265
208
128
133
216
275
320
356
380
387
377
350
312
266
209
129
134
217
274
319
355
379
386
376
349
312
266
210
131
136
217
274
319
354
378
385
375
349
311
266
211
133
138
218
274
318
353
377
384
374
348
311
267
211
135
139
218
274
317
352
376
383
373
348
311
267
212
136
141
219
274
317
351
375
382
372
347
311
267
213
138
143
220
274
316
351
374
381
372
347
311
268
214
140
144
220
274
316
350
373
380
371
346
311
268
215
142
146
221
274
315
349
372
380
370
346
311
268
216
143
147
221
274
315
348
371
379
369
345
310
269
217
145
244
334
405
466
517
553
565
551
514
461
400
330
242
246
335
405
465
516
552
564
550
513
461
401
331
244
248
336
405
465
516
551
564
550
513
461
401
332
246
249
337
405
465
515
550
563
549
513
461
401
333
247
251
337
406
464
514
550
562
548
512
461
402
334
249
252
338
406
464
514
549
561
548
512
461
402
335
250
254
339
406
464
513
548
560
547
511
461
403
336
252
255
339
406
464
513
547
560
546
511
461
403
336
254
257
340
406
464
513
547
559
546
511
461
403
337
255
258
341
407
463
512
546
558
545
510
461
404
338
257
259
342
407
463
512
546
558
545
510
461
404
339
258
261
342
407
463
511
545
557
544
510
461
404
340
259
262
343
407
463
511
544
556
544
509
461
404
340
261
264
344
407
463
511
544
556
543
509
461
405
341
262
265
344
408
463
510
543
555
543
508
461
405
342
263
266
345
408
463
510
543
555
542
508
460
405
342
265
267
346
408
463
510
542
554
542
508
460
405
343
266
269
346
408
463
509
542
554
541
508
460
406
344
267
270
347
409
463
509
542
553
541
507
460
406
344
268
271
348
409
463
509
541
553
540
507
460
406
345
269
272
348
409
463
508
541
552
540
507
460
406
345
270
273
349
410
463
508
540
552
539
506
460
406
346
271
274
349
410
463
508
540
551
539
506
460
406
346
272
275
350
410
463
508
540
551
538
506
460
407
347
273
276
351
410
463
508
539
550
538
505
460
407
347
274
277
351
411
463
508
539
550
538
505
459
407
348
275
278
352
411
463
507
539
550
537
505
459
407
348
276
279
352
411
463
507
538
549
537
505
459
407
348
277
280
353
412
463
507
538
549
537
504
459
407
349
277
281
354
412
463
507
538
549
536
504
459
407
349
278
282
354
412
463
507
538
548
536
504
459
407
349
279
344
426
496
560
616
656
670
654
613
555
491
421
341
345
427
496
560
616
655
670
654
612
555
491
421
341
346
427
497
560
616
655
669
653
612
555
491
422
342
346
428
497
560
616
655
669
653
612
555
491
422
342
347
428
497
560
616
655
669
653
612
555
491
422
343
348
429
498
560
616
655
668
653
611
555
491
422
343
349
429
498
561
616
655
668
652
611
554
491
422
344
248
349
430
498
561
615
654
668
652
611
554
491
422
344
249
350
430
499
561
615
654
668
652
611
554
491
423
345
250
350
431
499
561
615
654
668
652
610
554
490
423
345
251
351
431
499
561
615
654
667
651
610
554
490
423
345
251
351
431
499
561
615
654
667
651
610
554
490
423
346
252
352
432
500
561
616
654
667
651
610
553
490
423
346
252
352
432
500
562
616
654
667
651
610
553
490
423
346
253
353
432
500
562
616
654
667
650
609
553
490
423
346
253
353
433
500
562
616
654
666
650
609
553
490
422
346
254
353
433
501
562
616
653
666
650
609
552
489
422
346
254
354
433
501
562
616
653
666
650
609
552
489
422
346
254
354
434
501
562
616
653
666
650
609
552
489
422
346
354
434
501
562
616
653
666
650
608
552
489
422
346
354
434
501
563
616
653
666
649
608
552
488
422
346
354
434
502
563
616
653
666
649
608
551
488
421
346
354
434
502
563
616
653
666
649
608
551
488
421
345
354
434
502
563
616
653
666
649
608
551
488
421
345
354
434
502
563
616
653
666
649
607
551
487
420
345
354
435
502
563
616
653
666
649
607
550
487
420
345
354
435
502
563
616
653
666
649
607
550
487
420
344
354
435
502
563
616
653
666
649
607
550
486
419
344
354
435
502
563
616
654
666
649
607
550
486
419
343
354
434
502
563
616
654
666
648
606
549
486
418
343
274
342
394
439
476
502
509
496
465
424
376
324
262
273
341
394
439
476
502
509
496
465
423
376
324
262
273
341
394
439
477
502
509
496
465
423
376
324
261
273
341
394
439
477
502
509
496
465
423
375
323
261
272
341
395
439
477
502
509
496
465
423
375
323
260
272
341
395
440
477
502
509
496
465
422
375
322
259
271
341
395
440
477
502
509
496
465
422
374
322
259
271
341
395
440
477
502
510
496
465
422
374
321
258
270
340
395
440
477
503
510
496
465
422
373
321
257
270
340
394
440
478
503
510
496
465
422
373
320
257
269
340
394
440
478
503
510
496
464
421
373
320
256
269
340
394
440
478
503
510
496
464
421
372
319
255
268
339
394
440
478
503
510
496
464
421
372
318
254
267
339
394
440
478
504
511
497
464
421
372
318
253
266
339
394
440
478
504
511
497
464
421
371
317
253
266
338
394
440
479
504
511
497
464
420
371
317
252
265
338
394
440
479
504
511
497
464
420
370
316
251
264
337
394
440
479
505
512
497
464
420
370
315
250
263
337
394
440
479
505
512
497
465
420
370
315
249
262
337
393
441
479
505
512
498
465
420
369
314
248
261
336
393
441
479
505
512
498
465
420
369
314
247
260
335
393
441
480
506
513
498
465
420
369
313
246
259
335
393
441
480
506
513
498
465
420
368
312
245
258
334
393
441
480
506
513
499
465
419
368
312
244
257
334
392
441
480
507
514
499
465
419
368
311
243
255
333
392
441
480
507
514
499
465
419
367
310
241
254
332
392
441
481
507
515
500
465
419
367
310
240
253
332
392
441
481
508
515
500
466
419
367
309
239
252
331
391
441
481
508
515
500
466
419
366
308
238
250
330
391
441
481
508
516
501
466
419
366
308
237
249
330
391
441
482
509
516
501
466
419
366
307
236
321
415
491
558
615
654
666
647
600
537
468
393
308
319
414
491
558
615
654
667
647
601
537
467
392
307
318
413
490
558
615
655
667
648
601
537
467
392
305
316
412
490
558
615
655
668
648
601
537
466
391
304
314
411
489
557
615
656
668
649
601
537
466
390
302
313
410
489
557
616
656
669
649
602
537
466
389
301
311
409
488
557
616
657
669
650
602
537
465
388
299
309
408
488
557
616
657
670
650
602
538
465
387
298
307
407
487
557
616
658
671
651
603
538
465
387
296
305
406
487
557
617
658
671
651
603
538
465
386
295
304
405
486
557
617
659
672
652
604
538
464
385
293
302
403
485
557
617
659
673
653
604
538
464
384
291
300
402
485
556
617
660
673
653
604
538
464
383
290
298
401
484
556
618
660
674
654
605
538
463
383
288
296
400
484
556
618
661
675
655
605
538
463
382
286
294
399
483
556
618
662
676
655
606
539
463
381
285
292
397
482
556
619
662
676
656
606
539
463
380
283
289
396
482
556
619
663
677
657
607
539
463
379
281
287
395
481
556
619
663
678
658
608
539
462
378
279
285
393
480
556
620
664
679
658
608
540
462
378
277
283
392
480
555
620
665
680
659
609
540
462
377
276
281
391
479
555
620
666
681
660
609
540
462
376
274
278
389
478
555
621
666
681
661
610
541
462
375
272
276
388
478
555
621
667
682
662
611
541
462
374
270
274
387
477
555
621
668
683
663
612
541
461
373
268
271
385
476
555
622
669
684
664
612
542
461
372
266
269
384
476
555
622
669
685
665
613
542
461
372
264
267
382
475
555
623
670
686
666
614
542
461
371
262
264
381
474
555
623
671
687
667
615
543
461
370
260
262
379
473
555
623
672
688
668
616
543
461
369
258
259
378
473
554
624
673
689
669
616
544
461
368
276
400
500
588
663
717
736
713
656
578
489
391
274
398
499
588
664
718
737
714
657
579
489
390
271
397
499
588
664
719
738
715
658
579
489
389
269
395
498
588
665
719
739
717
659
580
489
388
266
393
497
587
665
720
740
718
660
580
489
387
263
392
496
587
666
721
741
719
661
581
489
386
260
390
495
587
666
722
742
720
662
581
489
385
258
388
495
587
667
723
744
721
663
582
489
383
255
387
494
587
667
724
745
723
664
582
488
382
252
385
493
587
668
725
746
724
665
583
488
381
249
383
492
587
668
726
747
725
666
583
488
380
247
382
491
587
669
727
749
726
667
584
488
379
244
380
491
587
670
728
750
728
668
585
488
378
241
378
490
587
670
730
751
729
669
585
488
377
238
376
489
587
671
731
753
730
670
586
488
376
235
375
488
587
671
732
754
732
671
586
488
374
232
373
487
587
672
733
756
733
672
587
488
373
229
371
487
587
673
734
757
734
673
588
488
372
226
369
486
587
673
735
758
736
675
588
488
371
223
368
485
587
674
736
760
737
676
589
487
369
366
484
587
675
738
761
739
677
590
487
368
364
483
587
676
739
763
740
678
590
487
367
362
483
587
676
740
764
742
679
591
487
365
360
482
587
677
741
766
743
680
592
487
364
358
481
587
678
743
767
745
682
592
487
362
357
480
587
679
744
769
746
683
593
486
361
355
479
587
679
745
770
748
684
594
486
359
353
479
587
680
747
772
749
685
594
486
358
351
478
587
681
748
773
751
686
595
486
356
349
477
588
682
749
775
752
688
596
486
355
248
355
443
514
564
583
568
521
452
365
254
246
355
443
515
566
585
570
523
453
365
253
245
354
444
516
567
587
571
524
454
365
251
243
354
444
517
569
589
573
526
455
365
250
241
353
444
518
570
590
575
527
456
365
248
240
352
445
520
572
592
576
528
456
364
247
238
352
445
521
573
594
578
530
457
364
245
236
351
445
522
575
596
580
531
458
364
244
234
351
446
523
576
598
582
533
459
364
242
233
350
446
524
578
599
583
534
460
364
241
231
350
446
525
580
601
585
536
460
364
239
229
349
447
526
581
603
587
537
461
363
228
349
447
527
583
605
589
538
462
363
226
348
447
528
584
607
590
540
463
363
224
347
448
529
586
608
592
541
463
362
222
347
448
530
588
610
594
542
464
362
221
346
449
532
589
612
596
544
465
362
219
346
449
533
591
614
597
545
465
361
217
345
450
534
592
616
599
546
466
361
215
345
450
535
594
617
601
548
466
360
214
344
450
536
596
619
602
549
467
360
212
344
451
537
597
621
604
550
468
359
210
343
451
538
599
623
606
551
468
359
208
343
452
540
600
625
607
553
469
358
207
342
452
541
602
626
609
554
469
358
205
342
453
542
604
628
611
555
470
357
203
341
453
543
605
630
612
556
470
357
201
341
453
544
607
632
614
557
471
356
200
340
454
545
608
633
615
559
471
355
198
340
454
546
610
635
617
560
471
355
196
339
455
548
611
637
619
561
472
354
232
385
511
614
685
713
692
626
527
399
230
384
511
615
687
715
693
627
528
399
228
384
512
616
688
716
695
628
528
398
226
383
512
617
689
718
696
629
528
397
224
382
513
618
691
719
697
630
528
396
223
382
513
619
692
721
699
631
528
395
221
381
513
620
694
722
700
632
529
394
219
381
514
621
695
724
701
633
529
394
217
380
514
622
697
725
703
634
529
393
215
379
514
623
698
727
704
635
529
392
214
379
515
624
699
728
705
635
529
391
212
378
515
625
701
730
706
636
529
390
210
378
515
626
702
731
708
637
529
389
208
377
516
627
703
732
709
638
529
388
207
377
516
628
704
734
710
638
529
387
205
376
516
629
706
735
711
639
529
387
203
376
517
630
707
736
712
640
529
386
202
375
517
631
708
738
713
640
529
385
200
375
517
631
709
739
714
641
529
384
198
374
518
632
710
740
715
641
529
383
197
374
518
633
712
741
716
642
529
382
195
373
518
634
713
742
717
643
529
381
194
373
519
635
714
744
718
643
529
381
192
372
519
636
715
745
719
643
529
380
372
519
636
716
746
720
644
529
379
371
520
637
717
747
721
644
528
378
371
520
638
718
748
721
645
528
377
370
520
639
719
749
722
645
528
376
370
521
639
720
750
723
646
528
376
370
521
640
721
750
724
646
528
375
166
275
356
407
426
411
362
283
171
166
276
357
408
427
411
362
283
171
166
276
357
409
428
412
363
282
170
165
277
358
410
429
413
363
282
169
165
277
359
411
430
413
363
282
169
165
278
359
412
430
414
363
282
168
165
278
360
412
431
414
364
282
168
165
278
361
413
432
415
364
282
167
165
279
361
414
432
415
364
282
167
165
279
362
414
433
416
364
281
166
165
279
363
415
433
416
364
281
166
165
280
363
416
434
416
364
281
166
165
280
364
416
434
417
364
281
165
165
281
364
417
435
417
364
281
165
165
281
365
417
435
417
364
281
165
165
281
365
418
436
417
364
280
164
165
282
366
418
436
417
364
280
164
165
282
366
418
436
417
364
280
164
165
282
366
419
436
417
364
280
163
165
283
367
419
437
418
364
279
163
165
283
367
419
437
418
364
279
163
166
283
367
420
437
417
364
279
163
166
284
368
420
437
417
363
279
162
166
284
368
420
437
417
363
278
162
166
284
368
420
437
417
363
278
162
167
285
368
420
437
417
363
278
162
167
285
369
420
437
417
362
278
162
167
285
369
420
437
416
362
277
162
168
285
369
420
436
416
362
277
162
168
286
369
420
436
416
361
277
162
168
286
369
420
436
415
361
276
162