1585
1917
2303
1365
3165
2335
101
1912
3491
2318
2661
384
117
1175
2946
2606
501
3513
4103
461
3489
1878
49
3706
2323
816
3079
3632
1476
982
3322
1089
412
188
993
1088
3167
1510
3003
1087
2311
73
3707
1171
2317
2602
2997
1896
1905
2776
1183
1090
2987
2334
1174
3631
2307
1431
3339
3428
3705
2604
351
1491
1853
1492
1176
498
2820
3166
1838
654
3783
3002
651
1477
2813
1851
2992
3877
3688
2998
4095
3331
986
395
1473
2306
417
1475
3710
2618
3080
3312
847
3460
2312
495
3779
2328
3982
2603
1461
1493
1876
3476
4137
1173
984
820
652
824
2692
653
502
3485
3164
746
659
1459
203
1818
378
3403
3173
3634
625
1177
1899
616
745
186
1156
3374
1911
2613
1185
837
1003
3487
2571
196
983
201
3782
1377
211
2157
3000
3492
2989
2777
624
3338
2611
3053
3781
3629
3180
3784
2599
985
3296
817
1886
209
819
3504
3633
2814
518
683
855
645
3174
3313
3148
508
655
322
980
2798
350
2857
715
2797
2812
366
818
3943
3935
3336
521
1831
3168
353
2806
856
3321
2727
