1493
760
1431
3024
1156
3630
353
3488
3338
2776
1533
1899
1177
3635
823
3376
857
3632
2335
4103
499
2626
1476
2707
1878
3484
93
818
4007
1838
1174
4077
1461
209
993
2777
1456
2307
1886
135
3706
1116
2317
1089
2693
982
3079
1896
382
1905
2713
3707
3080
980
3082
2303
1183
3081
987
1088
3631
1781
3177
1492
1176
3485
3159
1491
2762
4137
114
2334
775
1853
3330
3467
1477
1917
3489
3784
984
3348
1393
2612
2318
798
508
3698
2311
3146
1912
3709
2734
649
3482
1911
417
360
983
2306
2323
395
49
1475
2857
3164
161
3290
368
637
3001
502
2692
1876
822
2312
2990
101
3167
3329
1003
986
652
3328
2999
814
838
653
618
647
2636
203
2833
3780
3335
2813
416
3331
1173
3490
3633
2991
1775
985
3336
1459
628
1171
1473
758
3783
657
1185
3634
187
3877
2970
506
3180
1175
3493
2618
3491
3782
211
3775
1178
1818
3781
2637
498
505
3943
331
817
