1365
1911
4058
851
2963
3982
2334
3002
2946
2762
853
2317
3782
1176
3630
1905
3487
982
495
132
502
646
2776
1475
1491
4077
1393
3336
2734
1520
1089
3631
3979
1174
3503
2692
2303
1876
3706
1917
987
1912
2311
131
4007
3321
350
1172
2820
2318
980
1492
2307
4035
817
607
2984
3624
501
3418
3705
3001
3165
2997
1838
1431
3339
3460
1878
848
1493
1088
1853
1477
3718
1175
2610
3079
3331
3779
211
1003
1896
2059
2323
489
3777
3486
3174
347
461
666
497
3167
2306
726
1473
2707
986
1476
3485
2602
49
1171
188
658
1899
3783
2599
2335
1461
3877
1818
819
3491
758
3053
3296
223
499
2429
1178
3290
341
1775
652
822
741
2748
3494
717
1173
366
983
1155
3632
498
3780
2818
3327
1459
847
2998
3774
823
2661
1851
3095
3384
353
2992
492
2624
3168
984
637
738
2991
1183
1156
3148
348
2777
1177
3489
3173
209
620
2234
355
3492
3781
2988
201
3161
3313
2797
3197
3177
2157
3627
981
3629
4119
452
617
985
838
656
230
643
3633
352
2613
3180
493
162
3322
97
857
